+1.00000000000000e+00        +1.00000000000000e+00
+1.15000000000000e+00        +1.15000000000000e+00
+1.25000000000000e+00        +1.25000000000000e+00
+1.35000000000000e+00        +1.35000000000000e+00
+1.45000000000000e+00        +1.45000000000000e+00
+1.59375000000000e+00        +1.59375000000000e+00
+1.78125000000000e+00        +1.78125000000000e+00
+1.96875000000000e+00        +1.96875000000000e+00
+2.15625000000000e+00        +2.15625000000000e+00
+2.34375000000000e+00        +2.34375000000000e+00
+2.53125000000000e+00        +2.53125000000000e+00
+2.71875000000000e+00        +2.71875000000000e+00
+3.00000000000000e+00        +3.00000000000000e+00
