N_internal_boundary  2700
main point / neighbor point / shared face
      0        1        0
      0       10        3
      0      100        5
      1        2        6
      1       11        8
      1      101       10
      2        3       11
      2       12       13
      2      102       15
      3        4       16
      3       13       18
      3      103       20
      4        5       21
      4       14       23
      4      104       25
      5        6       26
      5       15       28
      5      105       30
      6        7       31
      6       16       33
      6      106       35
      7        8       36
      7       17       38
      7      107       40
      8        9       41
      8       18       43
      8      108       45
      9       19       48
      9      109       50
     10       11       51
     10       20       53
     10      110       55
     11       12       56
     11       21       57
     11      111       59
     12       13       60
     12       22       61
     12      112       63
     13       14       64
     13       23       65
     13      113       67
     14       15       68
     14       24       69
     14      114       71
     15       16       72
     15       25       73
     15      115       75
     16       17       76
     16       26       77
     16      116       79
     17       18       80
     17       27       81
     17      117       83
     18       19       84
     18       28       85
     18      118       87
     19       29       89
     19      119       91
     20       21       92
     20       30       94
     20      120       96
     21       22       97
     21       31       98
     21      121      100
     22       23      101
     22       32      102
     22      122      104
     23       24      105
     23       33      106
     23      123      108
     24       25      109
     24       34      110
     24      124      112
     25       26      113
     25       35      114
     25      125      116
     26       27      117
     26       36      118
     26      126      120
     27       28      121
     27       37      122
     27      127      124
     28       29      125
     28       38      126
     28      128      128
     29       39      130
     29      129      132
     30       31      133
     30       40      135
     30      130      137
     31       32      138
     31       41      139
     31      131      141
     32       33      142
     32       42      143
     32      132      145
     33       34      146
     33       43      147
     33      133      149
     34       35      150
     34       44      151
     34      134      153
     35       36      154
     35       45      155
     35      135      157
     36       37      158
     36       46      159
     36      136      161
     37       38      162
     37       47      163
     37      137      165
     38       39      166
     38       48      167
     38      138      169
     39       49      171
     39      139      173
     40       41      174
     40       50      176
     40      140      178
     41       42      179
     41       51      180
     41      141      182
     42       43      183
     42       52      184
     42      142      186
     43       44      187
     43       53      188
     43      143      190
     44       45      191
     44       54      192
     44      144      194
     45       46      195
     45       55      196
     45      145      198
     46       47      199
     46       56      200
     46      146      202
     47       48      203
     47       57      204
     47      147      206
     48       49      207
     48       58      208
     48      148      210
     49       59      212
     49      149      214
     50       51      215
     50       60      217
     50      150      219
     51       52      220
     51       61      221
     51      151      223
     52       53      224
     52       62      225
     52      152      227
     53       54      228
     53       63      229
     53      153      231
     54       55      232
     54       64      233
     54      154      235
     55       56      236
     55       65      237
     55      155      239
     56       57      240
     56       66      241
     56      156      243
     57       58      244
     57       67      245
     57      157      247
     58       59      248
     58       68      249
     58      158      251
     59       69      253
     59      159      255
     60       61      256
     60       70      258
     60      160      260
     61       62      261
     61       71      262
     61      161      264
     62       63      265
     62       72      266
     62      162      268
     63       64      269
     63       73      270
     63      163      272
     64       65      273
     64       74      274
     64      164      276
     65       66      277
     65       75      278
     65      165      280
     66       67      281
     66       76      282
     66      166      284
     67       68      285
     67       77      286
     67      167      288
     68       69      289
     68       78      290
     68      168      292
     69       79      294
     69      169      296
     70       71      297
     70       80      299
     70      170      301
     71       72      302
     71       81      303
     71      171      305
     72       73      306
     72       82      307
     72      172      309
     73       74      310
     73       83      311
     73      173      313
     74       75      314
     74       84      315
     74      174      317
     75       76      318
     75       85      319
     75      175      321
     76       77      322
     76       86      323
     76      176      325
     77       78      326
     77       87      327
     77      177      329
     78       79      330
     78       88      331
     78      178      333
     79       89      335
     79      179      337
     80       81      338
     80       90      340
     80      180      342
     81       82      343
     81       91      344
     81      181      346
     82       83      347
     82       92      348
     82      182      350
     83       84      351
     83       93      352
     83      183      354
     84       85      355
     84       94      356
     84      184      358
     85       86      359
     85       95      360
     85      185      362
     86       87      363
     86       96      364
     86      186      366
     87       88      367
     87       97      368
     87      187      370
     88       89      371
     88       98      372
     88      188      374
     89       99      376
     89      189      378
     90       91      379
     90      190      383
     91       92      384
     91      191      387
     92       93      388
     92      192      391
     93       94      392
     93      193      395
     94       95      396
     94      194      399
     95       96      400
     95      195      403
     96       97      404
     96      196      407
     97       98      408
     97      197      411
     98       99      412
     98      198      415
     99      199      419
    100      101      420
    100      110      423
    100      200      424
    101      102      425
    101      111      427
    101      201      428
    102      103      429
    102      112      431
    102      202      432
    103      104      433
    103      113      435
    103      203      436
    104      105      437
    104      114      439
    104      204      440
    105      106      441
    105      115      443
    105      205      444
    106      107      445
    106      116      447
    106      206      448
    107      108      449
    107      117      451
    107      207      452
    108      109      453
    108      118      455
    108      208      456
    109      119      459
    109      209      460
    110      111      461
    110      120      463
    110      210      464
    111      112      465
    111      121      466
    111      211      467
    112      113      468
    112      122      469
    112      212      470
    113      114      471
    113      123      472
    113      213      473
    114      115      474
    114      124      475
    114      214      476
    115      116      477
    115      125      478
    115      215      479
    116      117      480
    116      126      481
    116      216      482
    117      118      483
    117      127      484
    117      217      485
    118      119      486
    118      128      487
    118      218      488
    119      129      490
    119      219      491
    120      121      492
    120      130      494
    120      220      495
    121      122      496
    121      131      497
    121      221      498
    122      123      499
    122      132      500
    122      222      501
    123      124      502
    123      133      503
    123      223      504
    124      125      505
    124      134      506
    124      224      507
    125      126      508
    125      135      509
    125      225      510
    126      127      511
    126      136      512
    126      226      513
    127      128      514
    127      137      515
    127      227      516
    128      129      517
    128      138      518
    128      228      519
    129      139      521
    129      229      522
    130      131      523
    130      140      525
    130      230      526
    131      132      527
    131      141      528
    131      231      529
    132      133      530
    132      142      531
    132      232      532
    133      134      533
    133      143      534
    133      233      535
    134      135      536
    134      144      537
    134      234      538
    135      136      539
    135      145      540
    135      235      541
    136      137      542
    136      146      543
    136      236      544
    137      138      545
    137      147      546
    137      237      547
    138      139      548
    138      148      549
    138      238      550
    139      149      552
    139      239      553
    140      141      554
    140      150      556
    140      240      557
    141      142      558
    141      151      559
    141      241      560
    142      143      561
    142      152      562
    142      242      563
    143      144      564
    143      153      565
    143      243      566
    144      145      567
    144      154      568
    144      244      569
    145      146      570
    145      155      571
    145      245      572
    146      147      573
    146      156      574
    146      246      575
    147      148      576
    147      157      577
    147      247      578
    148      149      579
    148      158      580
    148      248      581
    149      159      583
    149      249      584
    150      151      585
    150      160      587
    150      250      588
    151      152      589
    151      161      590
    151      251      591
    152      153      592
    152      162      593
    152      252      594
    153      154      595
    153      163      596
    153      253      597
    154      155      598
    154      164      599
    154      254      600
    155      156      601
    155      165      602
    155      255      603
    156      157      604
    156      166      605
    156      256      606
    157      158      607
    157      167      608
    157      257      609
    158      159      610
    158      168      611
    158      258      612
    159      169      614
    159      259      615
    160      161      616
    160      170      618
    160      260      619
    161      162      620
    161      171      621
    161      261      622
    162      163      623
    162      172      624
    162      262      625
    163      164      626
    163      173      627
    163      263      628
    164      165      629
    164      174      630
    164      264      631
    165      166      632
    165      175      633
    165      265      634
    166      167      635
    166      176      636
    166      266      637
    167      168      638
    167      177      639
    167      267      640
    168      169      641
    168      178      642
    168      268      643
    169      179      645
    169      269      646
    170      171      647
    170      180      649
    170      270      650
    171      172      651
    171      181      652
    171      271      653
    172      173      654
    172      182      655
    172      272      656
    173      174      657
    173      183      658
    173      273      659
    174      175      660
    174      184      661
    174      274      662
    175      176      663
    175      185      664
    175      275      665
    176      177      666
    176      186      667
    176      276      668
    177      178      669
    177      187      670
    177      277      671
    178      179      672
    178      188      673
    178      278      674
    179      189      676
    179      279      677
    180      181      678
    180      190      680
    180      280      681
    181      182      682
    181      191      683
    181      281      684
    182      183      685
    182      192      686
    182      282      687
    183      184      688
    183      193      689
    183      283      690
    184      185      691
    184      194      692
    184      284      693
    185      186      694
    185      195      695
    185      285      696
    186      187      697
    186      196      698
    186      286      699
    187      188      700
    187      197      701
    187      287      702
    188      189      703
    188      198      704
    188      288      705
    189      199      707
    189      289      708
    190      191      709
    190      290      712
    191      192      713
    191      291      715
    192      193      716
    192      292      718
    193      194      719
    193      293      721
    194      195      722
    194      294      724
    195      196      725
    195      295      727
    196      197      728
    196      296      730
    197      198      731
    197      297      733
    198      199      734
    198      298      736
    199      299      739
    200      201      740
    200      210      743
    200      300      744
    201      202      745
    201      211      747
    201      301      748
    202      203      749
    202      212      751
    202      302      752
    203      204      753
    203      213      755
    203      303      756
    204      205      757
    204      214      759
    204      304      760
    205      206      761
    205      215      763
    205      305      764
    206      207      765
    206      216      767
    206      306      768
    207      208      769
    207      217      771
    207      307      772
    208      209      773
    208      218      775
    208      308      776
    209      219      779
    209      309      780
    210      211      781
    210      220      783
    210      310      784
    211      212      785
    211      221      786
    211      311      787
    212      213      788
    212      222      789
    212      312      790
    213      214      791
    213      223      792
    213      313      793
    214      215      794
    214      224      795
    214      314      796
    215      216      797
    215      225      798
    215      315      799
    216      217      800
    216      226      801
    216      316      802
    217      218      803
    217      227      804
    217      317      805
    218      219      806
    218      228      807
    218      318      808
    219      229      810
    219      319      811
    220      221      812
    220      230      814
    220      320      815
    221      222      816
    221      231      817
    221      321      818
    222      223      819
    222      232      820
    222      322      821
    223      224      822
    223      233      823
    223      323      824
    224      225      825
    224      234      826
    224      324      827
    225      226      828
    225      235      829
    225      325      830
    226      227      831
    226      236      832
    226      326      833
    227      228      834
    227      237      835
    227      327      836
    228      229      837
    228      238      838
    228      328      839
    229      239      841
    229      329      842
    230      231      843
    230      240      845
    230      330      846
    231      232      847
    231      241      848
    231      331      849
    232      233      850
    232      242      851
    232      332      852
    233      234      853
    233      243      854
    233      333      855
    234      235      856
    234      244      857
    234      334      858
    235      236      859
    235      245      860
    235      335      861
    236      237      862
    236      246      863
    236      336      864
    237      238      865
    237      247      866
    237      337      867
    238      239      868
    238      248      869
    238      338      870
    239      249      872
    239      339      873
    240      241      874
    240      250      876
    240      340      877
    241      242      878
    241      251      879
    241      341      880
    242      243      881
    242      252      882
    242      342      883
    243      244      884
    243      253      885
    243      343      886
    244      245      887
    244      254      888
    244      344      889
    245      246      890
    245      255      891
    245      345      892
    246      247      893
    246      256      894
    246      346      895
    247      248      896
    247      257      897
    247      347      898
    248      249      899
    248      258      900
    248      348      901
    249      259      903
    249      349      904
    250      251      905
    250      260      907
    250      350      908
    251      252      909
    251      261      910
    251      351      911
    252      253      912
    252      262      913
    252      352      914
    253      254      915
    253      263      916
    253      353      917
    254      255      918
    254      264      919
    254      354      920
    255      256      921
    255      265      922
    255      355      923
    256      257      924
    256      266      925
    256      356      926
    257      258      927
    257      267      928
    257      357      929
    258      259      930
    258      268      931
    258      358      932
    259      269      934
    259      359      935
    260      261      936
    260      270      938
    260      360      939
    261      262      940
    261      271      941
    261      361      942
    262      263      943
    262      272      944
    262      362      945
    263      264      946
    263      273      947
    263      363      948
    264      265      949
    264      274      950
    264      364      951
    265      266      952
    265      275      953
    265      365      954
    266      267      955
    266      276      956
    266      366      957
    267      268      958
    267      277      959
    267      367      960
    268      269      961
    268      278      962
    268      368      963
    269      279      965
    269      369      966
    270      271      967
    270      280      969
    270      370      970
    271      272      971
    271      281      972
    271      371      973
    272      273      974
    272      282      975
    272      372      976
    273      274      977
    273      283      978
    273      373      979
    274      275      980
    274      284      981
    274      374      982
    275      276      983
    275      285      984
    275      375      985
    276      277      986
    276      286      987
    276      376      988
    277      278      989
    277      287      990
    277      377      991
    278      279      992
    278      288      993
    278      378      994
    279      289      996
    279      379      997
    280      281      998
    280      290     1000
    280      380     1001
    281      282     1002
    281      291     1003
    281      381     1004
    282      283     1005
    282      292     1006
    282      382     1007
    283      284     1008
    283      293     1009
    283      383     1010
    284      285     1011
    284      294     1012
    284      384     1013
    285      286     1014
    285      295     1015
    285      385     1016
    286      287     1017
    286      296     1018
    286      386     1019
    287      288     1020
    287      297     1021
    287      387     1022
    288      289     1023
    288      298     1024
    288      388     1025
    289      299     1027
    289      389     1028
    290      291     1029
    290      390     1032
    291      292     1033
    291      391     1035
    292      293     1036
    292      392     1038
    293      294     1039
    293      393     1041
    294      295     1042
    294      394     1044
    295      296     1045
    295      395     1047
    296      297     1048
    296      396     1050
    297      298     1051
    297      397     1053
    298      299     1054
    298      398     1056
    299      399     1059
    300      301     1060
    300      310     1063
    300      400     1064
    301      302     1065
    301      311     1067
    301      401     1068
    302      303     1069
    302      312     1071
    302      402     1072
    303      304     1073
    303      313     1075
    303      403     1076
    304      305     1077
    304      314     1079
    304      404     1080
    305      306     1081
    305      315     1083
    305      405     1084
    306      307     1085
    306      316     1087
    306      406     1088
    307      308     1089
    307      317     1091
    307      407     1092
    308      309     1093
    308      318     1095
    308      408     1096
    309      319     1099
    309      409     1100
    310      311     1101
    310      320     1103
    310      410     1104
    311      312     1105
    311      321     1106
    311      411     1107
    312      313     1108
    312      322     1109
    312      412     1110
    313      314     1111
    313      323     1112
    313      413     1113
    314      315     1114
    314      324     1115
    314      414     1116
    315      316     1117
    315      325     1118
    315      415     1119
    316      317     1120
    316      326     1121
    316      416     1122
    317      318     1123
    317      327     1124
    317      417     1125
    318      319     1126
    318      328     1127
    318      418     1128
    319      329     1130
    319      419     1131
    320      321     1132
    320      330     1134
    320      420     1135
    321      322     1136
    321      331     1137
    321      421     1138
    322      323     1139
    322      332     1140
    322      422     1141
    323      324     1142
    323      333     1143
    323      423     1144
    324      325     1145
    324      334     1146
    324      424     1147
    325      326     1148
    325      335     1149
    325      425     1150
    326      327     1151
    326      336     1152
    326      426     1153
    327      328     1154
    327      337     1155
    327      427     1156
    328      329     1157
    328      338     1158
    328      428     1159
    329      339     1161
    329      429     1162
    330      331     1163
    330      340     1165
    330      430     1166
    331      332     1167
    331      341     1168
    331      431     1169
    332      333     1170
    332      342     1171
    332      432     1172
    333      334     1173
    333      343     1174
    333      433     1175
    334      335     1176
    334      344     1177
    334      434     1178
    335      336     1179
    335      345     1180
    335      435     1181
    336      337     1182
    336      346     1183
    336      436     1184
    337      338     1185
    337      347     1186
    337      437     1187
    338      339     1188
    338      348     1189
    338      438     1190
    339      349     1192
    339      439     1193
    340      341     1194
    340      350     1196
    340      440     1197
    341      342     1198
    341      351     1199
    341      441     1200
    342      343     1201
    342      352     1202
    342      442     1203
    343      344     1204
    343      353     1205
    343      443     1206
    344      345     1207
    344      354     1208
    344      444     1209
    345      346     1210
    345      355     1211
    345      445     1212
    346      347     1213
    346      356     1214
    346      446     1215
    347      348     1216
    347      357     1217
    347      447     1218
    348      349     1219
    348      358     1220
    348      448     1221
    349      359     1223
    349      449     1224
    350      351     1225
    350      360     1227
    350      450     1228
    351      352     1229
    351      361     1230
    351      451     1231
    352      353     1232
    352      362     1233
    352      452     1234
    353      354     1235
    353      363     1236
    353      453     1237
    354      355     1238
    354      364     1239
    354      454     1240
    355      356     1241
    355      365     1242
    355      455     1243
    356      357     1244
    356      366     1245
    356      456     1246
    357      358     1247
    357      367     1248
    357      457     1249
    358      359     1250
    358      368     1251
    358      458     1252
    359      369     1254
    359      459     1255
    360      361     1256
    360      370     1258
    360      460     1259
    361      362     1260
    361      371     1261
    361      461     1262
    362      363     1263
    362      372     1264
    362      462     1265
    363      364     1266
    363      373     1267
    363      463     1268
    364      365     1269
    364      374     1270
    364      464     1271
    365      366     1272
    365      375     1273
    365      465     1274
    366      367     1275
    366      376     1276
    366      466     1277
    367      368     1278
    367      377     1279
    367      467     1280
    368      369     1281
    368      378     1282
    368      468     1283
    369      379     1285
    369      469     1286
    370      371     1287
    370      380     1289
    370      470     1290
    371      372     1291
    371      381     1292
    371      471     1293
    372      373     1294
    372      382     1295
    372      472     1296
    373      374     1297
    373      383     1298
    373      473     1299
    374      375     1300
    374      384     1301
    374      474     1302
    375      376     1303
    375      385     1304
    375      475     1305
    376      377     1306
    376      386     1307
    376      476     1308
    377      378     1309
    377      387     1310
    377      477     1311
    378      379     1312
    378      388     1313
    378      478     1314
    379      389     1316
    379      479     1317
    380      381     1318
    380      390     1320
    380      480     1321
    381      382     1322
    381      391     1323
    381      481     1324
    382      383     1325
    382      392     1326
    382      482     1327
    383      384     1328
    383      393     1329
    383      483     1330
    384      385     1331
    384      394     1332
    384      484     1333
    385      386     1334
    385      395     1335
    385      485     1336
    386      387     1337
    386      396     1338
    386      486     1339
    387      388     1340
    387      397     1341
    387      487     1342
    388      389     1343
    388      398     1344
    388      488     1345
    389      399     1347
    389      489     1348
    390      391     1349
    390      490     1352
    391      392     1353
    391      491     1355
    392      393     1356
    392      492     1358
    393      394     1359
    393      493     1361
    394      395     1362
    394      494     1364
    395      396     1365
    395      495     1367
    396      397     1368
    396      496     1370
    397      398     1371
    397      497     1373
    398      399     1374
    398      498     1376
    399      499     1379
    400      401     1380
    400      410     1383
    400      500     1384
    401      402     1385
    401      411     1387
    401      501     1388
    402      403     1389
    402      412     1391
    402      502     1392
    403      404     1393
    403      413     1395
    403      503     1396
    404      405     1397
    404      414     1399
    404      504     1400
    405      406     1401
    405      415     1403
    405      505     1404
    406      407     1405
    406      416     1407
    406      506     1408
    407      408     1409
    407      417     1411
    407      507     1412
    408      409     1413
    408      418     1415
    408      508     1416
    409      419     1419
    409      509     1420
    410      411     1421
    410      420     1423
    410      510     1424
    411      412     1425
    411      421     1426
    411      511     1427
    412      413     1428
    412      422     1429
    412      512     1430
    413      414     1431
    413      423     1432
    413      513     1433
    414      415     1434
    414      424     1435
    414      514     1436
    415      416     1437
    415      425     1438
    415      515     1439
    416      417     1440
    416      426     1441
    416      516     1442
    417      418     1443
    417      427     1444
    417      517     1445
    418      419     1446
    418      428     1447
    418      518     1448
    419      429     1450
    419      519     1451
    420      421     1452
    420      430     1454
    420      520     1455
    421      422     1456
    421      431     1457
    421      521     1458
    422      423     1459
    422      432     1460
    422      522     1461
    423      424     1462
    423      433     1463
    423      523     1464
    424      425     1465
    424      434     1466
    424      524     1467
    425      426     1468
    425      435     1469
    425      525     1470
    426      427     1471
    426      436     1472
    426      526     1473
    427      428     1474
    427      437     1475
    427      527     1476
    428      429     1477
    428      438     1478
    428      528     1479
    429      439     1481
    429      529     1482
    430      431     1483
    430      440     1485
    430      530     1486
    431      432     1487
    431      441     1488
    431      531     1489
    432      433     1490
    432      442     1491
    432      532     1492
    433      434     1493
    433      443     1494
    433      533     1495
    434      435     1496
    434      444     1497
    434      534     1498
    435      436     1499
    435      445     1500
    435      535     1501
    436      437     1502
    436      446     1503
    436      536     1504
    437      438     1505
    437      447     1506
    437      537     1507
    438      439     1508
    438      448     1509
    438      538     1510
    439      449     1512
    439      539     1513
    440      441     1514
    440      450     1516
    440      540     1517
    441      442     1518
    441      451     1519
    441      541     1520
    442      443     1521
    442      452     1522
    442      542     1523
    443      444     1524
    443      453     1525
    443      543     1526
    444      445     1527
    444      454     1528
    444      544     1529
    445      446     1530
    445      455     1531
    445      545     1532
    446      447     1533
    446      456     1534
    446      546     1535
    447      448     1536
    447      457     1537
    447      547     1538
    448      449     1539
    448      458     1540
    448      548     1541
    449      459     1543
    449      549     1544
    450      451     1545
    450      460     1547
    450      550     1548
    451      452     1549
    451      461     1550
    451      551     1551
    452      453     1552
    452      462     1553
    452      552     1554
    453      454     1555
    453      463     1556
    453      553     1557
    454      455     1558
    454      464     1559
    454      554     1560
    455      456     1561
    455      465     1562
    455      555     1563
    456      457     1564
    456      466     1565
    456      556     1566
    457      458     1567
    457      467     1568
    457      557     1569
    458      459     1570
    458      468     1571
    458      558     1572
    459      469     1574
    459      559     1575
    460      461     1576
    460      470     1578
    460      560     1579
    461      462     1580
    461      471     1581
    461      561     1582
    462      463     1583
    462      472     1584
    462      562     1585
    463      464     1586
    463      473     1587
    463      563     1588
    464      465     1589
    464      474     1590
    464      564     1591
    465      466     1592
    465      475     1593
    465      565     1594
    466      467     1595
    466      476     1596
    466      566     1597
    467      468     1598
    467      477     1599
    467      567     1600
    468      469     1601
    468      478     1602
    468      568     1603
    469      479     1605
    469      569     1606
    470      471     1607
    470      480     1609
    470      570     1610
    471      472     1611
    471      481     1612
    471      571     1613
    472      473     1614
    472      482     1615
    472      572     1616
    473      474     1617
    473      483     1618
    473      573     1619
    474      475     1620
    474      484     1621
    474      574     1622
    475      476     1623
    475      485     1624
    475      575     1625
    476      477     1626
    476      486     1627
    476      576     1628
    477      478     1629
    477      487     1630
    477      577     1631
    478      479     1632
    478      488     1633
    478      578     1634
    479      489     1636
    479      579     1637
    480      481     1638
    480      490     1640
    480      580     1641
    481      482     1642
    481      491     1643
    481      581     1644
    482      483     1645
    482      492     1646
    482      582     1647
    483      484     1648
    483      493     1649
    483      583     1650
    484      485     1651
    484      494     1652
    484      584     1653
    485      486     1654
    485      495     1655
    485      585     1656
    486      487     1657
    486      496     1658
    486      586     1659
    487      488     1660
    487      497     1661
    487      587     1662
    488      489     1663
    488      498     1664
    488      588     1665
    489      499     1667
    489      589     1668
    490      491     1669
    490      590     1672
    491      492     1673
    491      591     1675
    492      493     1676
    492      592     1678
    493      494     1679
    493      593     1681
    494      495     1682
    494      594     1684
    495      496     1685
    495      595     1687
    496      497     1688
    496      596     1690
    497      498     1691
    497      597     1693
    498      499     1694
    498      598     1696
    499      599     1699
    500      501     1700
    500      510     1703
    500      600     1704
    501      502     1705
    501      511     1707
    501      601     1708
    502      503     1709
    502      512     1711
    502      602     1712
    503      504     1713
    503      513     1715
    503      603     1716
    504      505     1717
    504      514     1719
    504      604     1720
    505      506     1721
    505      515     1723
    505      605     1724
    506      507     1725
    506      516     1727
    506      606     1728
    507      508     1729
    507      517     1731
    507      607     1732
    508      509     1733
    508      518     1735
    508      608     1736
    509      519     1739
    509      609     1740
    510      511     1741
    510      520     1743
    510      610     1744
    511      512     1745
    511      521     1746
    511      611     1747
    512      513     1748
    512      522     1749
    512      612     1750
    513      514     1751
    513      523     1752
    513      613     1753
    514      515     1754
    514      524     1755
    514      614     1756
    515      516     1757
    515      525     1758
    515      615     1759
    516      517     1760
    516      526     1761
    516      616     1762
    517      518     1763
    517      527     1764
    517      617     1765
    518      519     1766
    518      528     1767
    518      618     1768
    519      529     1770
    519      619     1771
    520      521     1772
    520      530     1774
    520      620     1775
    521      522     1776
    521      531     1777
    521      621     1778
    522      523     1779
    522      532     1780
    522      622     1781
    523      524     1782
    523      533     1783
    523      623     1784
    524      525     1785
    524      534     1786
    524      624     1787
    525      526     1788
    525      535     1789
    525      625     1790
    526      527     1791
    526      536     1792
    526      626     1793
    527      528     1794
    527      537     1795
    527      627     1796
    528      529     1797
    528      538     1798
    528      628     1799
    529      539     1801
    529      629     1802
    530      531     1803
    530      540     1805
    530      630     1806
    531      532     1807
    531      541     1808
    531      631     1809
    532      533     1810
    532      542     1811
    532      632     1812
    533      534     1813
    533      543     1814
    533      633     1815
    534      535     1816
    534      544     1817
    534      634     1818
    535      536     1819
    535      545     1820
    535      635     1821
    536      537     1822
    536      546     1823
    536      636     1824
    537      538     1825
    537      547     1826
    537      637     1827
    538      539     1828
    538      548     1829
    538      638     1830
    539      549     1832
    539      639     1833
    540      541     1834
    540      550     1836
    540      640     1837
    541      542     1838
    541      551     1839
    541      641     1840
    542      543     1841
    542      552     1842
    542      642     1843
    543      544     1844
    543      553     1845
    543      643     1846
    544      545     1847
    544      554     1848
    544      644     1849
    545      546     1850
    545      555     1851
    545      645     1852
    546      547     1853
    546      556     1854
    546      646     1855
    547      548     1856
    547      557     1857
    547      647     1858
    548      549     1859
    548      558     1860
    548      648     1861
    549      559     1863
    549      649     1864
    550      551     1865
    550      560     1867
    550      650     1868
    551      552     1869
    551      561     1870
    551      651     1871
    552      553     1872
    552      562     1873
    552      652     1874
    553      554     1875
    553      563     1876
    553      653     1877
    554      555     1878
    554      564     1879
    554      654     1880
    555      556     1881
    555      565     1882
    555      655     1883
    556      557     1884
    556      566     1885
    556      656     1886
    557      558     1887
    557      567     1888
    557      657     1889
    558      559     1890
    558      568     1891
    558      658     1892
    559      569     1894
    559      659     1895
    560      561     1896
    560      570     1898
    560      660     1899
    561      562     1900
    561      571     1901
    561      661     1902
    562      563     1903
    562      572     1904
    562      662     1905
    563      564     1906
    563      573     1907
    563      663     1908
    564      565     1909
    564      574     1910
    564      664     1911
    565      566     1912
    565      575     1913
    565      665     1914
    566      567     1915
    566      576     1916
    566      666     1917
    567      568     1918
    567      577     1919
    567      667     1920
    568      569     1921
    568      578     1922
    568      668     1923
    569      579     1925
    569      669     1926
    570      571     1927
    570      580     1929
    570      670     1930
    571      572     1931
    571      581     1932
    571      671     1933
    572      573     1934
    572      582     1935
    572      672     1936
    573      574     1937
    573      583     1938
    573      673     1939
    574      575     1940
    574      584     1941
    574      674     1942
    575      576     1943
    575      585     1944
    575      675     1945
    576      577     1946
    576      586     1947
    576      676     1948
    577      578     1949
    577      587     1950
    577      677     1951
    578      579     1952
    578      588     1953
    578      678     1954
    579      589     1956
    579      679     1957
    580      581     1958
    580      590     1960
    580      680     1961
    581      582     1962
    581      591     1963
    581      681     1964
    582      583     1965
    582      592     1966
    582      682     1967
    583      584     1968
    583      593     1969
    583      683     1970
    584      585     1971
    584      594     1972
    584      684     1973
    585      586     1974
    585      595     1975
    585      685     1976
    586      587     1977
    586      596     1978
    586      686     1979
    587      588     1980
    587      597     1981
    587      687     1982
    588      589     1983
    588      598     1984
    588      688     1985
    589      599     1987
    589      689     1988
    590      591     1989
    590      690     1992
    591      592     1993
    591      691     1995
    592      593     1996
    592      692     1998
    593      594     1999
    593      693     2001
    594      595     2002
    594      694     2004
    595      596     2005
    595      695     2007
    596      597     2008
    596      696     2010
    597      598     2011
    597      697     2013
    598      599     2014
    598      698     2016
    599      699     2019
    600      601     2020
    600      610     2023
    600      700     2024
    601      602     2025
    601      611     2027
    601      701     2028
    602      603     2029
    602      612     2031
    602      702     2032
    603      604     2033
    603      613     2035
    603      703     2036
    604      605     2037
    604      614     2039
    604      704     2040
    605      606     2041
    605      615     2043
    605      705     2044
    606      607     2045
    606      616     2047
    606      706     2048
    607      608     2049
    607      617     2051
    607      707     2052
    608      609     2053
    608      618     2055
    608      708     2056
    609      619     2059
    609      709     2060
    610      611     2061
    610      620     2063
    610      710     2064
    611      612     2065
    611      621     2066
    611      711     2067
    612      613     2068
    612      622     2069
    612      712     2070
    613      614     2071
    613      623     2072
    613      713     2073
    614      615     2074
    614      624     2075
    614      714     2076
    615      616     2077
    615      625     2078
    615      715     2079
    616      617     2080
    616      626     2081
    616      716     2082
    617      618     2083
    617      627     2084
    617      717     2085
    618      619     2086
    618      628     2087
    618      718     2088
    619      629     2090
    619      719     2091
    620      621     2092
    620      630     2094
    620      720     2095
    621      622     2096
    621      631     2097
    621      721     2098
    622      623     2099
    622      632     2100
    622      722     2101
    623      624     2102
    623      633     2103
    623      723     2104
    624      625     2105
    624      634     2106
    624      724     2107
    625      626     2108
    625      635     2109
    625      725     2110
    626      627     2111
    626      636     2112
    626      726     2113
    627      628     2114
    627      637     2115
    627      727     2116
    628      629     2117
    628      638     2118
    628      728     2119
    629      639     2121
    629      729     2122
    630      631     2123
    630      640     2125
    630      730     2126
    631      632     2127
    631      641     2128
    631      731     2129
    632      633     2130
    632      642     2131
    632      732     2132
    633      634     2133
    633      643     2134
    633      733     2135
    634      635     2136
    634      644     2137
    634      734     2138
    635      636     2139
    635      645     2140
    635      735     2141
    636      637     2142
    636      646     2143
    636      736     2144
    637      638     2145
    637      647     2146
    637      737     2147
    638      639     2148
    638      648     2149
    638      738     2150
    639      649     2152
    639      739     2153
    640      641     2154
    640      650     2156
    640      740     2157
    641      642     2158
    641      651     2159
    641      741     2160
    642      643     2161
    642      652     2162
    642      742     2163
    643      644     2164
    643      653     2165
    643      743     2166
    644      645     2167
    644      654     2168
    644      744     2169
    645      646     2170
    645      655     2171
    645      745     2172
    646      647     2173
    646      656     2174
    646      746     2175
    647      648     2176
    647      657     2177
    647      747     2178
    648      649     2179
    648      658     2180
    648      748     2181
    649      659     2183
    649      749     2184
    650      651     2185
    650      660     2187
    650      750     2188
    651      652     2189
    651      661     2190
    651      751     2191
    652      653     2192
    652      662     2193
    652      752     2194
    653      654     2195
    653      663     2196
    653      753     2197
    654      655     2198
    654      664     2199
    654      754     2200
    655      656     2201
    655      665     2202
    655      755     2203
    656      657     2204
    656      666     2205
    656      756     2206
    657      658     2207
    657      667     2208
    657      757     2209
    658      659     2210
    658      668     2211
    658      758     2212
    659      669     2214
    659      759     2215
    660      661     2216
    660      670     2218
    660      760     2219
    661      662     2220
    661      671     2221
    661      761     2222
    662      663     2223
    662      672     2224
    662      762     2225
    663      664     2226
    663      673     2227
    663      763     2228
    664      665     2229
    664      674     2230
    664      764     2231
    665      666     2232
    665      675     2233
    665      765     2234
    666      667     2235
    666      676     2236
    666      766     2237
    667      668     2238
    667      677     2239
    667      767     2240
    668      669     2241
    668      678     2242
    668      768     2243
    669      679     2245
    669      769     2246
    670      671     2247
    670      680     2249
    670      770     2250
    671      672     2251
    671      681     2252
    671      771     2253
    672      673     2254
    672      682     2255
    672      772     2256
    673      674     2257
    673      683     2258
    673      773     2259
    674      675     2260
    674      684     2261
    674      774     2262
    675      676     2263
    675      685     2264
    675      775     2265
    676      677     2266
    676      686     2267
    676      776     2268
    677      678     2269
    677      687     2270
    677      777     2271
    678      679     2272
    678      688     2273
    678      778     2274
    679      689     2276
    679      779     2277
    680      681     2278
    680      690     2280
    680      780     2281
    681      682     2282
    681      691     2283
    681      781     2284
    682      683     2285
    682      692     2286
    682      782     2287
    683      684     2288
    683      693     2289
    683      783     2290
    684      685     2291
    684      694     2292
    684      784     2293
    685      686     2294
    685      695     2295
    685      785     2296
    686      687     2297
    686      696     2298
    686      786     2299
    687      688     2300
    687      697     2301
    687      787     2302
    688      689     2303
    688      698     2304
    688      788     2305
    689      699     2307
    689      789     2308
    690      691     2309
    690      790     2312
    691      692     2313
    691      791     2315
    692      693     2316
    692      792     2318
    693      694     2319
    693      793     2321
    694      695     2322
    694      794     2324
    695      696     2325
    695      795     2327
    696      697     2328
    696      796     2330
    697      698     2331
    697      797     2333
    698      699     2334
    698      798     2336
    699      799     2339
    700      701     2340
    700      710     2343
    700      800     2344
    701      702     2345
    701      711     2347
    701      801     2348
    702      703     2349
    702      712     2351
    702      802     2352
    703      704     2353
    703      713     2355
    703      803     2356
    704      705     2357
    704      714     2359
    704      804     2360
    705      706     2361
    705      715     2363
    705      805     2364
    706      707     2365
    706      716     2367
    706      806     2368
    707      708     2369
    707      717     2371
    707      807     2372
    708      709     2373
    708      718     2375
    708      808     2376
    709      719     2379
    709      809     2380
    710      711     2381
    710      720     2383
    710      810     2384
    711      712     2385
    711      721     2386
    711      811     2387
    712      713     2388
    712      722     2389
    712      812     2390
    713      714     2391
    713      723     2392
    713      813     2393
    714      715     2394
    714      724     2395
    714      814     2396
    715      716     2397
    715      725     2398
    715      815     2399
    716      717     2400
    716      726     2401
    716      816     2402
    717      718     2403
    717      727     2404
    717      817     2405
    718      719     2406
    718      728     2407
    718      818     2408
    719      729     2410
    719      819     2411
    720      721     2412
    720      730     2414
    720      820     2415
    721      722     2416
    721      731     2417
    721      821     2418
    722      723     2419
    722      732     2420
    722      822     2421
    723      724     2422
    723      733     2423
    723      823     2424
    724      725     2425
    724      734     2426
    724      824     2427
    725      726     2428
    725      735     2429
    725      825     2430
    726      727     2431
    726      736     2432
    726      826     2433
    727      728     2434
    727      737     2435
    727      827     2436
    728      729     2437
    728      738     2438
    728      828     2439
    729      739     2441
    729      829     2442
    730      731     2443
    730      740     2445
    730      830     2446
    731      732     2447
    731      741     2448
    731      831     2449
    732      733     2450
    732      742     2451
    732      832     2452
    733      734     2453
    733      743     2454
    733      833     2455
    734      735     2456
    734      744     2457
    734      834     2458
    735      736     2459
    735      745     2460
    735      835     2461
    736      737     2462
    736      746     2463
    736      836     2464
    737      738     2465
    737      747     2466
    737      837     2467
    738      739     2468
    738      748     2469
    738      838     2470
    739      749     2472
    739      839     2473
    740      741     2474
    740      750     2476
    740      840     2477
    741      742     2478
    741      751     2479
    741      841     2480
    742      743     2481
    742      752     2482
    742      842     2483
    743      744     2484
    743      753     2485
    743      843     2486
    744      745     2487
    744      754     2488
    744      844     2489
    745      746     2490
    745      755     2491
    745      845     2492
    746      747     2493
    746      756     2494
    746      846     2495
    747      748     2496
    747      757     2497
    747      847     2498
    748      749     2499
    748      758     2500
    748      848     2501
    749      759     2503
    749      849     2504
    750      751     2505
    750      760     2507
    750      850     2508
    751      752     2509
    751      761     2510
    751      851     2511
    752      753     2512
    752      762     2513
    752      852     2514
    753      754     2515
    753      763     2516
    753      853     2517
    754      755     2518
    754      764     2519
    754      854     2520
    755      756     2521
    755      765     2522
    755      855     2523
    756      757     2524
    756      766     2525
    756      856     2526
    757      758     2527
    757      767     2528
    757      857     2529
    758      759     2530
    758      768     2531
    758      858     2532
    759      769     2534
    759      859     2535
    760      761     2536
    760      770     2538
    760      860     2539
    761      762     2540
    761      771     2541
    761      861     2542
    762      763     2543
    762      772     2544
    762      862     2545
    763      764     2546
    763      773     2547
    763      863     2548
    764      765     2549
    764      774     2550
    764      864     2551
    765      766     2552
    765      775     2553
    765      865     2554
    766      767     2555
    766      776     2556
    766      866     2557
    767      768     2558
    767      777     2559
    767      867     2560
    768      769     2561
    768      778     2562
    768      868     2563
    769      779     2565
    769      869     2566
    770      771     2567
    770      780     2569
    770      870     2570
    771      772     2571
    771      781     2572
    771      871     2573
    772      773     2574
    772      782     2575
    772      872     2576
    773      774     2577
    773      783     2578
    773      873     2579
    774      775     2580
    774      784     2581
    774      874     2582
    775      776     2583
    775      785     2584
    775      875     2585
    776      777     2586
    776      786     2587
    776      876     2588
    777      778     2589
    777      787     2590
    777      877     2591
    778      779     2592
    778      788     2593
    778      878     2594
    779      789     2596
    779      879     2597
    780      781     2598
    780      790     2600
    780      880     2601
    781      782     2602
    781      791     2603
    781      881     2604
    782      783     2605
    782      792     2606
    782      882     2607
    783      784     2608
    783      793     2609
    783      883     2610
    784      785     2611
    784      794     2612
    784      884     2613
    785      786     2614
    785      795     2615
    785      885     2616
    786      787     2617
    786      796     2618
    786      886     2619
    787      788     2620
    787      797     2621
    787      887     2622
    788      789     2623
    788      798     2624
    788      888     2625
    789      799     2627
    789      889     2628
    790      791     2629
    790      890     2632
    791      792     2633
    791      891     2635
    792      793     2636
    792      892     2638
    793      794     2639
    793      893     2641
    794      795     2642
    794      894     2644
    795      796     2645
    795      895     2647
    796      797     2648
    796      896     2650
    797      798     2651
    797      897     2653
    798      799     2654
    798      898     2656
    799      899     2659
    800      801     2660
    800      810     2663
    800      900     2664
    801      802     2665
    801      811     2667
    801      901     2668
    802      803     2669
    802      812     2671
    802      902     2672
    803      804     2673
    803      813     2675
    803      903     2676
    804      805     2677
    804      814     2679
    804      904     2680
    805      806     2681
    805      815     2683
    805      905     2684
    806      807     2685
    806      816     2687
    806      906     2688
    807      808     2689
    807      817     2691
    807      907     2692
    808      809     2693
    808      818     2695
    808      908     2696
    809      819     2699
    809      909     2700
    810      811     2701
    810      820     2703
    810      910     2704
    811      812     2705
    811      821     2706
    811      911     2707
    812      813     2708
    812      822     2709
    812      912     2710
    813      814     2711
    813      823     2712
    813      913     2713
    814      815     2714
    814      824     2715
    814      914     2716
    815      816     2717
    815      825     2718
    815      915     2719
    816      817     2720
    816      826     2721
    816      916     2722
    817      818     2723
    817      827     2724
    817      917     2725
    818      819     2726
    818      828     2727
    818      918     2728
    819      829     2730
    819      919     2731
    820      821     2732
    820      830     2734
    820      920     2735
    821      822     2736
    821      831     2737
    821      921     2738
    822      823     2739
    822      832     2740
    822      922     2741
    823      824     2742
    823      833     2743
    823      923     2744
    824      825     2745
    824      834     2746
    824      924     2747
    825      826     2748
    825      835     2749
    825      925     2750
    826      827     2751
    826      836     2752
    826      926     2753
    827      828     2754
    827      837     2755
    827      927     2756
    828      829     2757
    828      838     2758
    828      928     2759
    829      839     2761
    829      929     2762
    830      831     2763
    830      840     2765
    830      930     2766
    831      832     2767
    831      841     2768
    831      931     2769
    832      833     2770
    832      842     2771
    832      932     2772
    833      834     2773
    833      843     2774
    833      933     2775
    834      835     2776
    834      844     2777
    834      934     2778
    835      836     2779
    835      845     2780
    835      935     2781
    836      837     2782
    836      846     2783
    836      936     2784
    837      838     2785
    837      847     2786
    837      937     2787
    838      839     2788
    838      848     2789
    838      938     2790
    839      849     2792
    839      939     2793
    840      841     2794
    840      850     2796
    840      940     2797
    841      842     2798
    841      851     2799
    841      941     2800
    842      843     2801
    842      852     2802
    842      942     2803
    843      844     2804
    843      853     2805
    843      943     2806
    844      845     2807
    844      854     2808
    844      944     2809
    845      846     2810
    845      855     2811
    845      945     2812
    846      847     2813
    846      856     2814
    846      946     2815
    847      848     2816
    847      857     2817
    847      947     2818
    848      849     2819
    848      858     2820
    848      948     2821
    849      859     2823
    849      949     2824
    850      851     2825
    850      860     2827
    850      950     2828
    851      852     2829
    851      861     2830
    851      951     2831
    852      853     2832
    852      862     2833
    852      952     2834
    853      854     2835
    853      863     2836
    853      953     2837
    854      855     2838
    854      864     2839
    854      954     2840
    855      856     2841
    855      865     2842
    855      955     2843
    856      857     2844
    856      866     2845
    856      956     2846
    857      858     2847
    857      867     2848
    857      957     2849
    858      859     2850
    858      868     2851
    858      958     2852
    859      869     2854
    859      959     2855
    860      861     2856
    860      870     2858
    860      960     2859
    861      862     2860
    861      871     2861
    861      961     2862
    862      863     2863
    862      872     2864
    862      962     2865
    863      864     2866
    863      873     2867
    863      963     2868
    864      865     2869
    864      874     2870
    864      964     2871
    865      866     2872
    865      875     2873
    865      965     2874
    866      867     2875
    866      876     2876
    866      966     2877
    867      868     2878
    867      877     2879
    867      967     2880
    868      869     2881
    868      878     2882
    868      968     2883
    869      879     2885
    869      969     2886
    870      871     2887
    870      880     2889
    870      970     2890
    871      872     2891
    871      881     2892
    871      971     2893
    872      873     2894
    872      882     2895
    872      972     2896
    873      874     2897
    873      883     2898
    873      973     2899
    874      875     2900
    874      884     2901
    874      974     2902
    875      876     2903
    875      885     2904
    875      975     2905
    876      877     2906
    876      886     2907
    876      976     2908
    877      878     2909
    877      887     2910
    877      977     2911
    878      879     2912
    878      888     2913
    878      978     2914
    879      889     2916
    879      979     2917
    880      881     2918
    880      890     2920
    880      980     2921
    881      882     2922
    881      891     2923
    881      981     2924
    882      883     2925
    882      892     2926
    882      982     2927
    883      884     2928
    883      893     2929
    883      983     2930
    884      885     2931
    884      894     2932
    884      984     2933
    885      886     2934
    885      895     2935
    885      985     2936
    886      887     2937
    886      896     2938
    886      986     2939
    887      888     2940
    887      897     2941
    887      987     2942
    888      889     2943
    888      898     2944
    888      988     2945
    889      899     2947
    889      989     2948
    890      891     2949
    890      990     2952
    891      892     2953
    891      991     2955
    892      893     2956
    892      992     2958
    893      894     2959
    893      993     2961
    894      895     2962
    894      994     2964
    895      896     2965
    895      995     2967
    896      897     2968
    896      996     2970
    897      898     2971
    897      997     2973
    898      899     2974
    898      998     2976
    899      999     2979
    900      901     2980
    900      910     2983
    901      902     2985
    901      911     2987
    902      903     2989
    902      912     2991
    903      904     2993
    903      913     2995
    904      905     2997
    904      914     2999
    905      906     3001
    905      915     3003
    906      907     3005
    906      916     3007
    907      908     3009
    907      917     3011
    908      909     3013
    908      918     3015
    909      919     3019
    910      911     3021
    910      920     3023
    911      912     3025
    911      921     3026
    912      913     3028
    912      922     3029
    913      914     3031
    913      923     3032
    914      915     3034
    914      924     3035
    915      916     3037
    915      925     3038
    916      917     3040
    916      926     3041
    917      918     3043
    917      927     3044
    918      919     3046
    918      928     3047
    919      929     3050
    920      921     3052
    920      930     3054
    921      922     3056
    921      931     3057
    922      923     3059
    922      932     3060
    923      924     3062
    923      933     3063
    924      925     3065
    924      934     3066
    925      926     3068
    925      935     3069
    926      927     3071
    926      936     3072
    927      928     3074
    927      937     3075
    928      929     3077
    928      938     3078
    929      939     3081
    930      931     3083
    930      940     3085
    931      932     3087
    931      941     3088
    932      933     3090
    932      942     3091
    933      934     3093
    933      943     3094
    934      935     3096
    934      944     3097
    935      936     3099
    935      945     3100
    936      937     3102
    936      946     3103
    937      938     3105
    937      947     3106
    938      939     3108
    938      948     3109
    939      949     3112
    940      941     3114
    940      950     3116
    941      942     3118
    941      951     3119
    942      943     3121
    942      952     3122
    943      944     3124
    943      953     3125
    944      945     3127
    944      954     3128
    945      946     3130
    945      955     3131
    946      947     3133
    946      956     3134
    947      948     3136
    947      957     3137
    948      949     3139
    948      958     3140
    949      959     3143
    950      951     3145
    950      960     3147
    951      952     3149
    951      961     3150
    952      953     3152
    952      962     3153
    953      954     3155
    953      963     3156
    954      955     3158
    954      964     3159
    955      956     3161
    955      965     3162
    956      957     3164
    956      966     3165
    957      958     3167
    957      967     3168
    958      959     3170
    958      968     3171
    959      969     3174
    960      961     3176
    960      970     3178
    961      962     3180
    961      971     3181
    962      963     3183
    962      972     3184
    963      964     3186
    963      973     3187
    964      965     3189
    964      974     3190
    965      966     3192
    965      975     3193
    966      967     3195
    966      976     3196
    967      968     3198
    967      977     3199
    968      969     3201
    968      978     3202
    969      979     3205
    970      971     3207
    970      980     3209
    971      972     3211
    971      981     3212
    972      973     3214
    972      982     3215
    973      974     3217
    973      983     3218
    974      975     3220
    974      984     3221
    975      976     3223
    975      985     3224
    976      977     3226
    976      986     3227
    977      978     3229
    977      987     3230
    978      979     3232
    978      988     3233
    979      989     3236
    980      981     3238
    980      990     3240
    981      982     3242
    981      991     3243
    982      983     3245
    982      992     3246
    983      984     3248
    983      993     3249
    984      985     3251
    984      994     3252
    985      986     3254
    985      995     3255
    986      987     3257
    986      996     3258
    987      988     3260
    987      997     3261
    988      989     3263
    988      998     3264
    989      999     3267
    990      991     3269
    991      992     3273
    992      993     3276
    993      994     3279
    994      995     3282
    995      996     3285
    996      997     3288
    997      998     3291
    998      999     3294
