N_Dirichlet_DoF  300
point number / fixed direction / type of displacement / surface
      0  0   0        1
      0  1   0        1
      0  2   0        1
     10  0   0       52
     10  1   0       52
     10  2   0       52
     20  0   0       93
     20  1   0       93
     20  2   0       93
     30  0   0      134
     30  1   0      134
     30  2   0      134
     40  0   0      175
     40  1   0      175
     40  2   0      175
     50  0   0      216
     50  1   0      216
     50  2   0      216
     60  0   0      257
     60  1   0      257
     60  2   0      257
     70  0   0      298
     70  1   0      298
     70  2   0      298
     80  0   0      339
     80  1   0      339
     80  2   0      339
     90  0   0      380
     90  1   0      380
     90  2   0      380
    100  0   0      421
    100  1   0      421
    100  2   0      421
    110  0   0      462
    110  1   0      462
    110  2   0      462
    120  0   0      493
    120  1   0      493
    120  2   0      493
    130  0   0      524
    130  1   0      524
    130  2   0      524
    140  0   0      555
    140  1   0      555
    140  2   0      555
    150  0   0      586
    150  1   0      586
    150  2   0      586
    160  0   0      617
    160  1   0      617
    160  2   0      617
    170  0   0      648
    170  1   0      648
    170  2   0      648
    180  0   0      679
    180  1   0      679
    180  2   0      679
    190  0   0      710
    190  1   0      710
    190  2   0      710
    200  0   0      741
    200  1   0      741
    200  2   0      741
    210  0   0      782
    210  1   0      782
    210  2   0      782
    220  0   0      813
    220  1   0      813
    220  2   0      813
    230  0   0      844
    230  1   0      844
    230  2   0      844
    240  0   0      875
    240  1   0      875
    240  2   0      875
    250  0   0      906
    250  1   0      906
    250  2   0      906
    260  0   0      937
    260  1   0      937
    260  2   0      937
    270  0   0      968
    270  1   0      968
    270  2   0      968
    280  0   0      999
    280  1   0      999
    280  2   0      999
    290  0   0     1030
    290  1   0     1030
    290  2   0     1030
    300  0   0     1061
    300  1   0     1061
    300  2   0     1061
    310  0   0     1102
    310  1   0     1102
    310  2   0     1102
    320  0   0     1133
    320  1   0     1133
    320  2   0     1133
    330  0   0     1164
    330  1   0     1164
    330  2   0     1164
    340  0   0     1195
    340  1   0     1195
    340  2   0     1195
    350  0   0     1226
    350  1   0     1226
    350  2   0     1226
    360  0   0     1257
    360  1   0     1257
    360  2   0     1257
    370  0   0     1288
    370  1   0     1288
    370  2   0     1288
    380  0   0     1319
    380  1   0     1319
    380  2   0     1319
    390  0   0     1350
    390  1   0     1350
    390  2   0     1350
    400  0   0     1381
    400  1   0     1381
    400  2   0     1381
    410  0   0     1422
    410  1   0     1422
    410  2   0     1422
    420  0   0     1453
    420  1   0     1453
    420  2   0     1453
    430  0   0     1484
    430  1   0     1484
    430  2   0     1484
    440  0   0     1515
    440  1   0     1515
    440  2   0     1515
    450  0   0     1546
    450  1   0     1546
    450  2   0     1546
    460  0   0     1577
    460  1   0     1577
    460  2   0     1577
    470  0   0     1608
    470  1   0     1608
    470  2   0     1608
    480  0   0     1639
    480  1   0     1639
    480  2   0     1639
    490  0   0     1670
    490  1   0     1670
    490  2   0     1670
    500  0   0     1701
    500  1   0     1701
    500  2   0     1701
    510  0   0     1742
    510  1   0     1742
    510  2   0     1742
    520  0   0     1773
    520  1   0     1773
    520  2   0     1773
    530  0   0     1804
    530  1   0     1804
    530  2   0     1804
    540  0   0     1835
    540  1   0     1835
    540  2   0     1835
    550  0   0     1866
    550  1   0     1866
    550  2   0     1866
    560  0   0     1897
    560  1   0     1897
    560  2   0     1897
    570  0   0     1928
    570  1   0     1928
    570  2   0     1928
    580  0   0     1959
    580  1   0     1959
    580  2   0     1959
    590  0   0     1990
    590  1   0     1990
    590  2   0     1990
    600  0   0     2021
    600  1   0     2021
    600  2   0     2021
    610  0   0     2062
    610  1   0     2062
    610  2   0     2062
    620  0   0     2093
    620  1   0     2093
    620  2   0     2093
    630  0   0     2124
    630  1   0     2124
    630  2   0     2124
    640  0   0     2155
    640  1   0     2155
    640  2   0     2155
    650  0   0     2186
    650  1   0     2186
    650  2   0     2186
    660  0   0     2217
    660  1   0     2217
    660  2   0     2217
    670  0   0     2248
    670  1   0     2248
    670  2   0     2248
    680  0   0     2279
    680  1   0     2279
    680  2   0     2279
    690  0   0     2310
    690  1   0     2310
    690  2   0     2310
    700  0   0     2341
    700  1   0     2341
    700  2   0     2341
    710  0   0     2382
    710  1   0     2382
    710  2   0     2382
    720  0   0     2413
    720  1   0     2413
    720  2   0     2413
    730  0   0     2444
    730  1   0     2444
    730  2   0     2444
    740  0   0     2475
    740  1   0     2475
    740  2   0     2475
    750  0   0     2506
    750  1   0     2506
    750  2   0     2506
    760  0   0     2537
    760  1   0     2537
    760  2   0     2537
    770  0   0     2568
    770  1   0     2568
    770  2   0     2568
    780  0   0     2599
    780  1   0     2599
    780  2   0     2599
    790  0   0     2630
    790  1   0     2630
    790  2   0     2630
    800  0   0     2661
    800  1   0     2661
    800  2   0     2661
    810  0   0     2702
    810  1   0     2702
    810  2   0     2702
    820  0   0     2733
    820  1   0     2733
    820  2   0     2733
    830  0   0     2764
    830  1   0     2764
    830  2   0     2764
    840  0   0     2795
    840  1   0     2795
    840  2   0     2795
    850  0   0     2826
    850  1   0     2826
    850  2   0     2826
    860  0   0     2857
    860  1   0     2857
    860  2   0     2857
    870  0   0     2888
    870  1   0     2888
    870  2   0     2888
    880  0   0     2919
    880  1   0     2919
    880  2   0     2919
    890  0   0     2950
    890  1   0     2950
    890  2   0     2950
    900  0   0     2981
    900  1   0     2981
    900  2   0     2981
    910  0   0     3022
    910  1   0     3022
    910  2   0     3022
    920  0   0     3053
    920  1   0     3053
    920  2   0     3053
    930  0   0     3084
    930  1   0     3084
    930  2   0     3084
    940  0   0     3115
    940  1   0     3115
    940  2   0     3115
    950  0   0     3146
    950  1   0     3146
    950  2   0     3146
    960  0   0     3177
    960  1   0     3177
    960  2   0     3177
    970  0   0     3208
    970  1   0     3208
    970  2   0     3208
    980  0   0     3239
    980  1   0     3239
    980  2   0     3239
    990  0   0     3270
    990  1   0     3270
    990  2   0     3270
