N_point  1000
sum_N_support  5400
point number / number of support / support domain number
      0   3        1      10     100
      1   4        0       2      11     101
      2   4        1       3      12     102
      3   4        2       4      13     103
      4   4        3       5      14     104
      5   4        4       6      15     105
      6   4        5       7      16     106
      7   4        6       8      17     107
      8   4        7       9      18     108
      9   3        8      19     109
     10   4        0      11      20     110
     11   5        1      10      12      21     111
     12   5        2      11      13      22     112
     13   5        3      12      14      23     113
     14   5        4      13      15      24     114
     15   5        5      14      16      25     115
     16   5        6      15      17      26     116
     17   5        7      16      18      27     117
     18   5        8      17      19      28     118
     19   4        9      18      29     119
     20   4       10      21      30     120
     21   5       11      20      22      31     121
     22   5       12      21      23      32     122
     23   5       13      22      24      33     123
     24   5       14      23      25      34     124
     25   5       15      24      26      35     125
     26   5       16      25      27      36     126
     27   5       17      26      28      37     127
     28   5       18      27      29      38     128
     29   4       19      28      39     129
     30   4       20      31      40     130
     31   5       21      30      32      41     131
     32   5       22      31      33      42     132
     33   5       23      32      34      43     133
     34   5       24      33      35      44     134
     35   5       25      34      36      45     135
     36   5       26      35      37      46     136
     37   5       27      36      38      47     137
     38   5       28      37      39      48     138
     39   4       29      38      49     139
     40   4       30      41      50     140
     41   5       31      40      42      51     141
     42   5       32      41      43      52     142
     43   5       33      42      44      53     143
     44   5       34      43      45      54     144
     45   5       35      44      46      55     145
     46   5       36      45      47      56     146
     47   5       37      46      48      57     147
     48   5       38      47      49      58     148
     49   4       39      48      59     149
     50   4       40      51      60     150
     51   5       41      50      52      61     151
     52   5       42      51      53      62     152
     53   5       43      52      54      63     153
     54   5       44      53      55      64     154
     55   5       45      54      56      65     155
     56   5       46      55      57      66     156
     57   5       47      56      58      67     157
     58   5       48      57      59      68     158
     59   4       49      58      69     159
     60   4       50      61      70     160
     61   5       51      60      62      71     161
     62   5       52      61      63      72     162
     63   5       53      62      64      73     163
     64   5       54      63      65      74     164
     65   5       55      64      66      75     165
     66   5       56      65      67      76     166
     67   5       57      66      68      77     167
     68   5       58      67      69      78     168
     69   4       59      68      79     169
     70   4       60      71      80     170
     71   5       61      70      72      81     171
     72   5       62      71      73      82     172
     73   5       63      72      74      83     173
     74   5       64      73      75      84     174
     75   5       65      74      76      85     175
     76   5       66      75      77      86     176
     77   5       67      76      78      87     177
     78   5       68      77      79      88     178
     79   4       69      78      89     179
     80   4       70      81      90     180
     81   5       71      80      82      91     181
     82   5       72      81      83      92     182
     83   5       73      82      84      93     183
     84   5       74      83      85      94     184
     85   5       75      84      86      95     185
     86   5       76      85      87      96     186
     87   5       77      86      88      97     187
     88   5       78      87      89      98     188
     89   4       79      88      99     189
     90   3       80      91     190
     91   4       81      90      92     191
     92   4       82      91      93     192
     93   4       83      92      94     193
     94   4       84      93      95     194
     95   4       85      94      96     195
     96   4       86      95      97     196
     97   4       87      96      98     197
     98   4       88      97      99     198
     99   3       89      98     199
    100   4        0     101     110     200
    101   5        1     100     102     111     201
    102   5        2     101     103     112     202
    103   5        3     102     104     113     203
    104   5        4     103     105     114     204
    105   5        5     104     106     115     205
    106   5        6     105     107     116     206
    107   5        7     106     108     117     207
    108   5        8     107     109     118     208
    109   4        9     108     119     209
    110   5       10     100     111     120     210
    111   6       11     101     110     112     121     211
    112   6       12     102     111     113     122     212
    113   6       13     103     112     114     123     213
    114   6       14     104     113     115     124     214
    115   6       15     105     114     116     125     215
    116   6       16     106     115     117     126     216
    117   6       17     107     116     118     127     217
    118   6       18     108     117     119     128     218
    119   5       19     109     118     129     219
    120   5       20     110     121     130     220
    121   6       21     111     120     122     131     221
    122   6       22     112     121     123     132     222
    123   6       23     113     122     124     133     223
    124   6       24     114     123     125     134     224
    125   6       25     115     124     126     135     225
    126   6       26     116     125     127     136     226
    127   6       27     117     126     128     137     227
    128   6       28     118     127     129     138     228
    129   5       29     119     128     139     229
    130   5       30     120     131     140     230
    131   6       31     121     130     132     141     231
    132   6       32     122     131     133     142     232
    133   6       33     123     132     134     143     233
    134   6       34     124     133     135     144     234
    135   6       35     125     134     136     145     235
    136   6       36     126     135     137     146     236
    137   6       37     127     136     138     147     237
    138   6       38     128     137     139     148     238
    139   5       39     129     138     149     239
    140   5       40     130     141     150     240
    141   6       41     131     140     142     151     241
    142   6       42     132     141     143     152     242
    143   6       43     133     142     144     153     243
    144   6       44     134     143     145     154     244
    145   6       45     135     144     146     155     245
    146   6       46     136     145     147     156     246
    147   6       47     137     146     148     157     247
    148   6       48     138     147     149     158     248
    149   5       49     139     148     159     249
    150   5       50     140     151     160     250
    151   6       51     141     150     152     161     251
    152   6       52     142     151     153     162     252
    153   6       53     143     152     154     163     253
    154   6       54     144     153     155     164     254
    155   6       55     145     154     156     165     255
    156   6       56     146     155     157     166     256
    157   6       57     147     156     158     167     257
    158   6       58     148     157     159     168     258
    159   5       59     149     158     169     259
    160   5       60     150     161     170     260
    161   6       61     151     160     162     171     261
    162   6       62     152     161     163     172     262
    163   6       63     153     162     164     173     263
    164   6       64     154     163     165     174     264
    165   6       65     155     164     166     175     265
    166   6       66     156     165     167     176     266
    167   6       67     157     166     168     177     267
    168   6       68     158     167     169     178     268
    169   5       69     159     168     179     269
    170   5       70     160     171     180     270
    171   6       71     161     170     172     181     271
    172   6       72     162     171     173     182     272
    173   6       73     163     172     174     183     273
    174   6       74     164     173     175     184     274
    175   6       75     165     174     176     185     275
    176   6       76     166     175     177     186     276
    177   6       77     167     176     178     187     277
    178   6       78     168     177     179     188     278
    179   5       79     169     178     189     279
    180   5       80     170     181     190     280
    181   6       81     171     180     182     191     281
    182   6       82     172     181     183     192     282
    183   6       83     173     182     184     193     283
    184   6       84     174     183     185     194     284
    185   6       85     175     184     186     195     285
    186   6       86     176     185     187     196     286
    187   6       87     177     186     188     197     287
    188   6       88     178     187     189     198     288
    189   5       89     179     188     199     289
    190   4       90     180     191     290
    191   5       91     181     190     192     291
    192   5       92     182     191     193     292
    193   5       93     183     192     194     293
    194   5       94     184     193     195     294
    195   5       95     185     194     196     295
    196   5       96     186     195     197     296
    197   5       97     187     196     198     297
    198   5       98     188     197     199     298
    199   4       99     189     198     299
    200   4      100     201     210     300
    201   5      101     200     202     211     301
    202   5      102     201     203     212     302
    203   5      103     202     204     213     303
    204   5      104     203     205     214     304
    205   5      105     204     206     215     305
    206   5      106     205     207     216     306
    207   5      107     206     208     217     307
    208   5      108     207     209     218     308
    209   4      109     208     219     309
    210   5      110     200     211     220     310
    211   6      111     201     210     212     221     311
    212   6      112     202     211     213     222     312
    213   6      113     203     212     214     223     313
    214   6      114     204     213     215     224     314
    215   6      115     205     214     216     225     315
    216   6      116     206     215     217     226     316
    217   6      117     207     216     218     227     317
    218   6      118     208     217     219     228     318
    219   5      119     209     218     229     319
    220   5      120     210     221     230     320
    221   6      121     211     220     222     231     321
    222   6      122     212     221     223     232     322
    223   6      123     213     222     224     233     323
    224   6      124     214     223     225     234     324
    225   6      125     215     224     226     235     325
    226   6      126     216     225     227     236     326
    227   6      127     217     226     228     237     327
    228   6      128     218     227     229     238     328
    229   5      129     219     228     239     329
    230   5      130     220     231     240     330
    231   6      131     221     230     232     241     331
    232   6      132     222     231     233     242     332
    233   6      133     223     232     234     243     333
    234   6      134     224     233     235     244     334
    235   6      135     225     234     236     245     335
    236   6      136     226     235     237     246     336
    237   6      137     227     236     238     247     337
    238   6      138     228     237     239     248     338
    239   5      139     229     238     249     339
    240   5      140     230     241     250     340
    241   6      141     231     240     242     251     341
    242   6      142     232     241     243     252     342
    243   6      143     233     242     244     253     343
    244   6      144     234     243     245     254     344
    245   6      145     235     244     246     255     345
    246   6      146     236     245     247     256     346
    247   6      147     237     246     248     257     347
    248   6      148     238     247     249     258     348
    249   5      149     239     248     259     349
    250   5      150     240     251     260     350
    251   6      151     241     250     252     261     351
    252   6      152     242     251     253     262     352
    253   6      153     243     252     254     263     353
    254   6      154     244     253     255     264     354
    255   6      155     245     254     256     265     355
    256   6      156     246     255     257     266     356
    257   6      157     247     256     258     267     357
    258   6      158     248     257     259     268     358
    259   5      159     249     258     269     359
    260   5      160     250     261     270     360
    261   6      161     251     260     262     271     361
    262   6      162     252     261     263     272     362
    263   6      163     253     262     264     273     363
    264   6      164     254     263     265     274     364
    265   6      165     255     264     266     275     365
    266   6      166     256     265     267     276     366
    267   6      167     257     266     268     277     367
    268   6      168     258     267     269     278     368
    269   5      169     259     268     279     369
    270   5      170     260     271     280     370
    271   6      171     261     270     272     281     371
    272   6      172     262     271     273     282     372
    273   6      173     263     272     274     283     373
    274   6      174     264     273     275     284     374
    275   6      175     265     274     276     285     375
    276   6      176     266     275     277     286     376
    277   6      177     267     276     278     287     377
    278   6      178     268     277     279     288     378
    279   5      179     269     278     289     379
    280   5      180     270     281     290     380
    281   6      181     271     280     282     291     381
    282   6      182     272     281     283     292     382
    283   6      183     273     282     284     293     383
    284   6      184     274     283     285     294     384
    285   6      185     275     284     286     295     385
    286   6      186     276     285     287     296     386
    287   6      187     277     286     288     297     387
    288   6      188     278     287     289     298     388
    289   5      189     279     288     299     389
    290   4      190     280     291     390
    291   5      191     281     290     292     391
    292   5      192     282     291     293     392
    293   5      193     283     292     294     393
    294   5      194     284     293     295     394
    295   5      195     285     294     296     395
    296   5      196     286     295     297     396
    297   5      197     287     296     298     397
    298   5      198     288     297     299     398
    299   4      199     289     298     399
    300   4      200     301     310     400
    301   5      201     300     302     311     401
    302   5      202     301     303     312     402
    303   5      203     302     304     313     403
    304   5      204     303     305     314     404
    305   5      205     304     306     315     405
    306   5      206     305     307     316     406
    307   5      207     306     308     317     407
    308   5      208     307     309     318     408
    309   4      209     308     319     409
    310   5      210     300     311     320     410
    311   6      211     301     310     312     321     411
    312   6      212     302     311     313     322     412
    313   6      213     303     312     314     323     413
    314   6      214     304     313     315     324     414
    315   6      215     305     314     316     325     415
    316   6      216     306     315     317     326     416
    317   6      217     307     316     318     327     417
    318   6      218     308     317     319     328     418
    319   5      219     309     318     329     419
    320   5      220     310     321     330     420
    321   6      221     311     320     322     331     421
    322   6      222     312     321     323     332     422
    323   6      223     313     322     324     333     423
    324   6      224     314     323     325     334     424
    325   6      225     315     324     326     335     425
    326   6      226     316     325     327     336     426
    327   6      227     317     326     328     337     427
    328   6      228     318     327     329     338     428
    329   5      229     319     328     339     429
    330   5      230     320     331     340     430
    331   6      231     321     330     332     341     431
    332   6      232     322     331     333     342     432
    333   6      233     323     332     334     343     433
    334   6      234     324     333     335     344     434
    335   6      235     325     334     336     345     435
    336   6      236     326     335     337     346     436
    337   6      237     327     336     338     347     437
    338   6      238     328     337     339     348     438
    339   5      239     329     338     349     439
    340   5      240     330     341     350     440
    341   6      241     331     340     342     351     441
    342   6      242     332     341     343     352     442
    343   6      243     333     342     344     353     443
    344   6      244     334     343     345     354     444
    345   6      245     335     344     346     355     445
    346   6      246     336     345     347     356     446
    347   6      247     337     346     348     357     447
    348   6      248     338     347     349     358     448
    349   5      249     339     348     359     449
    350   5      250     340     351     360     450
    351   6      251     341     350     352     361     451
    352   6      252     342     351     353     362     452
    353   6      253     343     352     354     363     453
    354   6      254     344     353     355     364     454
    355   6      255     345     354     356     365     455
    356   6      256     346     355     357     366     456
    357   6      257     347     356     358     367     457
    358   6      258     348     357     359     368     458
    359   5      259     349     358     369     459
    360   5      260     350     361     370     460
    361   6      261     351     360     362     371     461
    362   6      262     352     361     363     372     462
    363   6      263     353     362     364     373     463
    364   6      264     354     363     365     374     464
    365   6      265     355     364     366     375     465
    366   6      266     356     365     367     376     466
    367   6      267     357     366     368     377     467
    368   6      268     358     367     369     378     468
    369   5      269     359     368     379     469
    370   5      270     360     371     380     470
    371   6      271     361     370     372     381     471
    372   6      272     362     371     373     382     472
    373   6      273     363     372     374     383     473
    374   6      274     364     373     375     384     474
    375   6      275     365     374     376     385     475
    376   6      276     366     375     377     386     476
    377   6      277     367     376     378     387     477
    378   6      278     368     377     379     388     478
    379   5      279     369     378     389     479
    380   5      280     370     381     390     480
    381   6      281     371     380     382     391     481
    382   6      282     372     381     383     392     482
    383   6      283     373     382     384     393     483
    384   6      284     374     383     385     394     484
    385   6      285     375     384     386     395     485
    386   6      286     376     385     387     396     486
    387   6      287     377     386     388     397     487
    388   6      288     378     387     389     398     488
    389   5      289     379     388     399     489
    390   4      290     380     391     490
    391   5      291     381     390     392     491
    392   5      292     382     391     393     492
    393   5      293     383     392     394     493
    394   5      294     384     393     395     494
    395   5      295     385     394     396     495
    396   5      296     386     395     397     496
    397   5      297     387     396     398     497
    398   5      298     388     397     399     498
    399   4      299     389     398     499
    400   4      300     401     410     500
    401   5      301     400     402     411     501
    402   5      302     401     403     412     502
    403   5      303     402     404     413     503
    404   5      304     403     405     414     504
    405   5      305     404     406     415     505
    406   5      306     405     407     416     506
    407   5      307     406     408     417     507
    408   5      308     407     409     418     508
    409   4      309     408     419     509
    410   5      310     400     411     420     510
    411   6      311     401     410     412     421     511
    412   6      312     402     411     413     422     512
    413   6      313     403     412     414     423     513
    414   6      314     404     413     415     424     514
    415   6      315     405     414     416     425     515
    416   6      316     406     415     417     426     516
    417   6      317     407     416     418     427     517
    418   6      318     408     417     419     428     518
    419   5      319     409     418     429     519
    420   5      320     410     421     430     520
    421   6      321     411     420     422     431     521
    422   6      322     412     421     423     432     522
    423   6      323     413     422     424     433     523
    424   6      324     414     423     425     434     524
    425   6      325     415     424     426     435     525
    426   6      326     416     425     427     436     526
    427   6      327     417     426     428     437     527
    428   6      328     418     427     429     438     528
    429   5      329     419     428     439     529
    430   5      330     420     431     440     530
    431   6      331     421     430     432     441     531
    432   6      332     422     431     433     442     532
    433   6      333     423     432     434     443     533
    434   6      334     424     433     435     444     534
    435   6      335     425     434     436     445     535
    436   6      336     426     435     437     446     536
    437   6      337     427     436     438     447     537
    438   6      338     428     437     439     448     538
    439   5      339     429     438     449     539
    440   5      340     430     441     450     540
    441   6      341     431     440     442     451     541
    442   6      342     432     441     443     452     542
    443   6      343     433     442     444     453     543
    444   6      344     434     443     445     454     544
    445   6      345     435     444     446     455     545
    446   6      346     436     445     447     456     546
    447   6      347     437     446     448     457     547
    448   6      348     438     447     449     458     548
    449   5      349     439     448     459     549
    450   5      350     440     451     460     550
    451   6      351     441     450     452     461     551
    452   6      352     442     451     453     462     552
    453   6      353     443     452     454     463     553
    454   6      354     444     453     455     464     554
    455   6      355     445     454     456     465     555
    456   6      356     446     455     457     466     556
    457   6      357     447     456     458     467     557
    458   6      358     448     457     459     468     558
    459   5      359     449     458     469     559
    460   5      360     450     461     470     560
    461   6      361     451     460     462     471     561
    462   6      362     452     461     463     472     562
    463   6      363     453     462     464     473     563
    464   6      364     454     463     465     474     564
    465   6      365     455     464     466     475     565
    466   6      366     456     465     467     476     566
    467   6      367     457     466     468     477     567
    468   6      368     458     467     469     478     568
    469   5      369     459     468     479     569
    470   5      370     460     471     480     570
    471   6      371     461     470     472     481     571
    472   6      372     462     471     473     482     572
    473   6      373     463     472     474     483     573
    474   6      374     464     473     475     484     574
    475   6      375     465     474     476     485     575
    476   6      376     466     475     477     486     576
    477   6      377     467     476     478     487     577
    478   6      378     468     477     479     488     578
    479   5      379     469     478     489     579
    480   5      380     470     481     490     580
    481   6      381     471     480     482     491     581
    482   6      382     472     481     483     492     582
    483   6      383     473     482     484     493     583
    484   6      384     474     483     485     494     584
    485   6      385     475     484     486     495     585
    486   6      386     476     485     487     496     586
    487   6      387     477     486     488     497     587
    488   6      388     478     487     489     498     588
    489   5      389     479     488     499     589
    490   4      390     480     491     590
    491   5      391     481     490     492     591
    492   5      392     482     491     493     592
    493   5      393     483     492     494     593
    494   5      394     484     493     495     594
    495   5      395     485     494     496     595
    496   5      396     486     495     497     596
    497   5      397     487     496     498     597
    498   5      398     488     497     499     598
    499   4      399     489     498     599
    500   4      400     501     510     600
    501   5      401     500     502     511     601
    502   5      402     501     503     512     602
    503   5      403     502     504     513     603
    504   5      404     503     505     514     604
    505   5      405     504     506     515     605
    506   5      406     505     507     516     606
    507   5      407     506     508     517     607
    508   5      408     507     509     518     608
    509   4      409     508     519     609
    510   5      410     500     511     520     610
    511   6      411     501     510     512     521     611
    512   6      412     502     511     513     522     612
    513   6      413     503     512     514     523     613
    514   6      414     504     513     515     524     614
    515   6      415     505     514     516     525     615
    516   6      416     506     515     517     526     616
    517   6      417     507     516     518     527     617
    518   6      418     508     517     519     528     618
    519   5      419     509     518     529     619
    520   5      420     510     521     530     620
    521   6      421     511     520     522     531     621
    522   6      422     512     521     523     532     622
    523   6      423     513     522     524     533     623
    524   6      424     514     523     525     534     624
    525   6      425     515     524     526     535     625
    526   6      426     516     525     527     536     626
    527   6      427     517     526     528     537     627
    528   6      428     518     527     529     538     628
    529   5      429     519     528     539     629
    530   5      430     520     531     540     630
    531   6      431     521     530     532     541     631
    532   6      432     522     531     533     542     632
    533   6      433     523     532     534     543     633
    534   6      434     524     533     535     544     634
    535   6      435     525     534     536     545     635
    536   6      436     526     535     537     546     636
    537   6      437     527     536     538     547     637
    538   6      438     528     537     539     548     638
    539   5      439     529     538     549     639
    540   5      440     530     541     550     640
    541   6      441     531     540     542     551     641
    542   6      442     532     541     543     552     642
    543   6      443     533     542     544     553     643
    544   6      444     534     543     545     554     644
    545   6      445     535     544     546     555     645
    546   6      446     536     545     547     556     646
    547   6      447     537     546     548     557     647
    548   6      448     538     547     549     558     648
    549   5      449     539     548     559     649
    550   5      450     540     551     560     650
    551   6      451     541     550     552     561     651
    552   6      452     542     551     553     562     652
    553   6      453     543     552     554     563     653
    554   6      454     544     553     555     564     654
    555   6      455     545     554     556     565     655
    556   6      456     546     555     557     566     656
    557   6      457     547     556     558     567     657
    558   6      458     548     557     559     568     658
    559   5      459     549     558     569     659
    560   5      460     550     561     570     660
    561   6      461     551     560     562     571     661
    562   6      462     552     561     563     572     662
    563   6      463     553     562     564     573     663
    564   6      464     554     563     565     574     664
    565   6      465     555     564     566     575     665
    566   6      466     556     565     567     576     666
    567   6      467     557     566     568     577     667
    568   6      468     558     567     569     578     668
    569   5      469     559     568     579     669
    570   5      470     560     571     580     670
    571   6      471     561     570     572     581     671
    572   6      472     562     571     573     582     672
    573   6      473     563     572     574     583     673
    574   6      474     564     573     575     584     674
    575   6      475     565     574     576     585     675
    576   6      476     566     575     577     586     676
    577   6      477     567     576     578     587     677
    578   6      478     568     577     579     588     678
    579   5      479     569     578     589     679
    580   5      480     570     581     590     680
    581   6      481     571     580     582     591     681
    582   6      482     572     581     583     592     682
    583   6      483     573     582     584     593     683
    584   6      484     574     583     585     594     684
    585   6      485     575     584     586     595     685
    586   6      486     576     585     587     596     686
    587   6      487     577     586     588     597     687
    588   6      488     578     587     589     598     688
    589   5      489     579     588     599     689
    590   4      490     580     591     690
    591   5      491     581     590     592     691
    592   5      492     582     591     593     692
    593   5      493     583     592     594     693
    594   5      494     584     593     595     694
    595   5      495     585     594     596     695
    596   5      496     586     595     597     696
    597   5      497     587     596     598     697
    598   5      498     588     597     599     698
    599   4      499     589     598     699
    600   4      500     601     610     700
    601   5      501     600     602     611     701
    602   5      502     601     603     612     702
    603   5      503     602     604     613     703
    604   5      504     603     605     614     704
    605   5      505     604     606     615     705
    606   5      506     605     607     616     706
    607   5      507     606     608     617     707
    608   5      508     607     609     618     708
    609   4      509     608     619     709
    610   5      510     600     611     620     710
    611   6      511     601     610     612     621     711
    612   6      512     602     611     613     622     712
    613   6      513     603     612     614     623     713
    614   6      514     604     613     615     624     714
    615   6      515     605     614     616     625     715
    616   6      516     606     615     617     626     716
    617   6      517     607     616     618     627     717
    618   6      518     608     617     619     628     718
    619   5      519     609     618     629     719
    620   5      520     610     621     630     720
    621   6      521     611     620     622     631     721
    622   6      522     612     621     623     632     722
    623   6      523     613     622     624     633     723
    624   6      524     614     623     625     634     724
    625   6      525     615     624     626     635     725
    626   6      526     616     625     627     636     726
    627   6      527     617     626     628     637     727
    628   6      528     618     627     629     638     728
    629   5      529     619     628     639     729
    630   5      530     620     631     640     730
    631   6      531     621     630     632     641     731
    632   6      532     622     631     633     642     732
    633   6      533     623     632     634     643     733
    634   6      534     624     633     635     644     734
    635   6      535     625     634     636     645     735
    636   6      536     626     635     637     646     736
    637   6      537     627     636     638     647     737
    638   6      538     628     637     639     648     738
    639   5      539     629     638     649     739
    640   5      540     630     641     650     740
    641   6      541     631     640     642     651     741
    642   6      542     632     641     643     652     742
    643   6      543     633     642     644     653     743
    644   6      544     634     643     645     654     744
    645   6      545     635     644     646     655     745
    646   6      546     636     645     647     656     746
    647   6      547     637     646     648     657     747
    648   6      548     638     647     649     658     748
    649   5      549     639     648     659     749
    650   5      550     640     651     660     750
    651   6      551     641     650     652     661     751
    652   6      552     642     651     653     662     752
    653   6      553     643     652     654     663     753
    654   6      554     644     653     655     664     754
    655   6      555     645     654     656     665     755
    656   6      556     646     655     657     666     756
    657   6      557     647     656     658     667     757
    658   6      558     648     657     659     668     758
    659   5      559     649     658     669     759
    660   5      560     650     661     670     760
    661   6      561     651     660     662     671     761
    662   6      562     652     661     663     672     762
    663   6      563     653     662     664     673     763
    664   6      564     654     663     665     674     764
    665   6      565     655     664     666     675     765
    666   6      566     656     665     667     676     766
    667   6      567     657     666     668     677     767
    668   6      568     658     667     669     678     768
    669   5      569     659     668     679     769
    670   5      570     660     671     680     770
    671   6      571     661     670     672     681     771
    672   6      572     662     671     673     682     772
    673   6      573     663     672     674     683     773
    674   6      574     664     673     675     684     774
    675   6      575     665     674     676     685     775
    676   6      576     666     675     677     686     776
    677   6      577     667     676     678     687     777
    678   6      578     668     677     679     688     778
    679   5      579     669     678     689     779
    680   5      580     670     681     690     780
    681   6      581     671     680     682     691     781
    682   6      582     672     681     683     692     782
    683   6      583     673     682     684     693     783
    684   6      584     674     683     685     694     784
    685   6      585     675     684     686     695     785
    686   6      586     676     685     687     696     786
    687   6      587     677     686     688     697     787
    688   6      588     678     687     689     698     788
    689   5      589     679     688     699     789
    690   4      590     680     691     790
    691   5      591     681     690     692     791
    692   5      592     682     691     693     792
    693   5      593     683     692     694     793
    694   5      594     684     693     695     794
    695   5      595     685     694     696     795
    696   5      596     686     695     697     796
    697   5      597     687     696     698     797
    698   5      598     688     697     699     798
    699   4      599     689     698     799
    700   4      600     701     710     800
    701   5      601     700     702     711     801
    702   5      602     701     703     712     802
    703   5      603     702     704     713     803
    704   5      604     703     705     714     804
    705   5      605     704     706     715     805
    706   5      606     705     707     716     806
    707   5      607     706     708     717     807
    708   5      608     707     709     718     808
    709   4      609     708     719     809
    710   5      610     700     711     720     810
    711   6      611     701     710     712     721     811
    712   6      612     702     711     713     722     812
    713   6      613     703     712     714     723     813
    714   6      614     704     713     715     724     814
    715   6      615     705     714     716     725     815
    716   6      616     706     715     717     726     816
    717   6      617     707     716     718     727     817
    718   6      618     708     717     719     728     818
    719   5      619     709     718     729     819
    720   5      620     710     721     730     820
    721   6      621     711     720     722     731     821
    722   6      622     712     721     723     732     822
    723   6      623     713     722     724     733     823
    724   6      624     714     723     725     734     824
    725   6      625     715     724     726     735     825
    726   6      626     716     725     727     736     826
    727   6      627     717     726     728     737     827
    728   6      628     718     727     729     738     828
    729   5      629     719     728     739     829
    730   5      630     720     731     740     830
    731   6      631     721     730     732     741     831
    732   6      632     722     731     733     742     832
    733   6      633     723     732     734     743     833
    734   6      634     724     733     735     744     834
    735   6      635     725     734     736     745     835
    736   6      636     726     735     737     746     836
    737   6      637     727     736     738     747     837
    738   6      638     728     737     739     748     838
    739   5      639     729     738     749     839
    740   5      640     730     741     750     840
    741   6      641     731     740     742     751     841
    742   6      642     732     741     743     752     842
    743   6      643     733     742     744     753     843
    744   6      644     734     743     745     754     844
    745   6      645     735     744     746     755     845
    746   6      646     736     745     747     756     846
    747   6      647     737     746     748     757     847
    748   6      648     738     747     749     758     848
    749   5      649     739     748     759     849
    750   5      650     740     751     760     850
    751   6      651     741     750     752     761     851
    752   6      652     742     751     753     762     852
    753   6      653     743     752     754     763     853
    754   6      654     744     753     755     764     854
    755   6      655     745     754     756     765     855
    756   6      656     746     755     757     766     856
    757   6      657     747     756     758     767     857
    758   6      658     748     757     759     768     858
    759   5      659     749     758     769     859
    760   5      660     750     761     770     860
    761   6      661     751     760     762     771     861
    762   6      662     752     761     763     772     862
    763   6      663     753     762     764     773     863
    764   6      664     754     763     765     774     864
    765   6      665     755     764     766     775     865
    766   6      666     756     765     767     776     866
    767   6      667     757     766     768     777     867
    768   6      668     758     767     769     778     868
    769   5      669     759     768     779     869
    770   5      670     760     771     780     870
    771   6      671     761     770     772     781     871
    772   6      672     762     771     773     782     872
    773   6      673     763     772     774     783     873
    774   6      674     764     773     775     784     874
    775   6      675     765     774     776     785     875
    776   6      676     766     775     777     786     876
    777   6      677     767     776     778     787     877
    778   6      678     768     777     779     788     878
    779   5      679     769     778     789     879
    780   5      680     770     781     790     880
    781   6      681     771     780     782     791     881
    782   6      682     772     781     783     792     882
    783   6      683     773     782     784     793     883
    784   6      684     774     783     785     794     884
    785   6      685     775     784     786     795     885
    786   6      686     776     785     787     796     886
    787   6      687     777     786     788     797     887
    788   6      688     778     787     789     798     888
    789   5      689     779     788     799     889
    790   4      690     780     791     890
    791   5      691     781     790     792     891
    792   5      692     782     791     793     892
    793   5      693     783     792     794     893
    794   5      694     784     793     795     894
    795   5      695     785     794     796     895
    796   5      696     786     795     797     896
    797   5      697     787     796     798     897
    798   5      698     788     797     799     898
    799   4      699     789     798     899
    800   4      700     801     810     900
    801   5      701     800     802     811     901
    802   5      702     801     803     812     902
    803   5      703     802     804     813     903
    804   5      704     803     805     814     904
    805   5      705     804     806     815     905
    806   5      706     805     807     816     906
    807   5      707     806     808     817     907
    808   5      708     807     809     818     908
    809   4      709     808     819     909
    810   5      710     800     811     820     910
    811   6      711     801     810     812     821     911
    812   6      712     802     811     813     822     912
    813   6      713     803     812     814     823     913
    814   6      714     804     813     815     824     914
    815   6      715     805     814     816     825     915
    816   6      716     806     815     817     826     916
    817   6      717     807     816     818     827     917
    818   6      718     808     817     819     828     918
    819   5      719     809     818     829     919
    820   5      720     810     821     830     920
    821   6      721     811     820     822     831     921
    822   6      722     812     821     823     832     922
    823   6      723     813     822     824     833     923
    824   6      724     814     823     825     834     924
    825   6      725     815     824     826     835     925
    826   6      726     816     825     827     836     926
    827   6      727     817     826     828     837     927
    828   6      728     818     827     829     838     928
    829   5      729     819     828     839     929
    830   5      730     820     831     840     930
    831   6      731     821     830     832     841     931
    832   6      732     822     831     833     842     932
    833   6      733     823     832     834     843     933
    834   6      734     824     833     835     844     934
    835   6      735     825     834     836     845     935
    836   6      736     826     835     837     846     936
    837   6      737     827     836     838     847     937
    838   6      738     828     837     839     848     938
    839   5      739     829     838     849     939
    840   5      740     830     841     850     940
    841   6      741     831     840     842     851     941
    842   6      742     832     841     843     852     942
    843   6      743     833     842     844     853     943
    844   6      744     834     843     845     854     944
    845   6      745     835     844     846     855     945
    846   6      746     836     845     847     856     946
    847   6      747     837     846     848     857     947
    848   6      748     838     847     849     858     948
    849   5      749     839     848     859     949
    850   5      750     840     851     860     950
    851   6      751     841     850     852     861     951
    852   6      752     842     851     853     862     952
    853   6      753     843     852     854     863     953
    854   6      754     844     853     855     864     954
    855   6      755     845     854     856     865     955
    856   6      756     846     855     857     866     956
    857   6      757     847     856     858     867     957
    858   6      758     848     857     859     868     958
    859   5      759     849     858     869     959
    860   5      760     850     861     870     960
    861   6      761     851     860     862     871     961
    862   6      762     852     861     863     872     962
    863   6      763     853     862     864     873     963
    864   6      764     854     863     865     874     964
    865   6      765     855     864     866     875     965
    866   6      766     856     865     867     876     966
    867   6      767     857     866     868     877     967
    868   6      768     858     867     869     878     968
    869   5      769     859     868     879     969
    870   5      770     860     871     880     970
    871   6      771     861     870     872     881     971
    872   6      772     862     871     873     882     972
    873   6      773     863     872     874     883     973
    874   6      774     864     873     875     884     974
    875   6      775     865     874     876     885     975
    876   6      776     866     875     877     886     976
    877   6      777     867     876     878     887     977
    878   6      778     868     877     879     888     978
    879   5      779     869     878     889     979
    880   5      780     870     881     890     980
    881   6      781     871     880     882     891     981
    882   6      782     872     881     883     892     982
    883   6      783     873     882     884     893     983
    884   6      784     874     883     885     894     984
    885   6      785     875     884     886     895     985
    886   6      786     876     885     887     896     986
    887   6      787     877     886     888     897     987
    888   6      788     878     887     889     898     988
    889   5      789     879     888     899     989
    890   4      790     880     891     990
    891   5      791     881     890     892     991
    892   5      792     882     891     893     992
    893   5      793     883     892     894     993
    894   5      794     884     893     895     994
    895   5      795     885     894     896     995
    896   5      796     886     895     897     996
    897   5      797     887     896     898     997
    898   5      798     888     897     899     998
    899   4      799     889     898     999
    900   3      800     901     910
    901   4      801     900     902     911
    902   4      802     901     903     912
    903   4      803     902     904     913
    904   4      804     903     905     914
    905   4      805     904     906     915
    906   4      806     905     907     916
    907   4      807     906     908     917
    908   4      808     907     909     918
    909   3      809     908     919
    910   4      810     900     911     920
    911   5      811     901     910     912     921
    912   5      812     902     911     913     922
    913   5      813     903     912     914     923
    914   5      814     904     913     915     924
    915   5      815     905     914     916     925
    916   5      816     906     915     917     926
    917   5      817     907     916     918     927
    918   5      818     908     917     919     928
    919   4      819     909     918     929
    920   4      820     910     921     930
    921   5      821     911     920     922     931
    922   5      822     912     921     923     932
    923   5      823     913     922     924     933
    924   5      824     914     923     925     934
    925   5      825     915     924     926     935
    926   5      826     916     925     927     936
    927   5      827     917     926     928     937
    928   5      828     918     927     929     938
    929   4      829     919     928     939
    930   4      830     920     931     940
    931   5      831     921     930     932     941
    932   5      832     922     931     933     942
    933   5      833     923     932     934     943
    934   5      834     924     933     935     944
    935   5      835     925     934     936     945
    936   5      836     926     935     937     946
    937   5      837     927     936     938     947
    938   5      838     928     937     939     948
    939   4      839     929     938     949
    940   4      840     930     941     950
    941   5      841     931     940     942     951
    942   5      842     932     941     943     952
    943   5      843     933     942     944     953
    944   5      844     934     943     945     954
    945   5      845     935     944     946     955
    946   5      846     936     945     947     956
    947   5      847     937     946     948     957
    948   5      848     938     947     949     958
    949   4      849     939     948     959
    950   4      850     940     951     960
    951   5      851     941     950     952     961
    952   5      852     942     951     953     962
    953   5      853     943     952     954     963
    954   5      854     944     953     955     964
    955   5      855     945     954     956     965
    956   5      856     946     955     957     966
    957   5      857     947     956     958     967
    958   5      858     948     957     959     968
    959   4      859     949     958     969
    960   4      860     950     961     970
    961   5      861     951     960     962     971
    962   5      862     952     961     963     972
    963   5      863     953     962     964     973
    964   5      864     954     963     965     974
    965   5      865     955     964     966     975
    966   5      866     956     965     967     976
    967   5      867     957     966     968     977
    968   5      868     958     967     969     978
    969   4      869     959     968     979
    970   4      870     960     971     980
    971   5      871     961     970     972     981
    972   5      872     962     971     973     982
    973   5      873     963     972     974     983
    974   5      874     964     973     975     984
    975   5      875     965     974     976     985
    976   5      876     966     975     977     986
    977   5      877     967     976     978     987
    978   5      878     968     977     979     988
    979   4      879     969     978     989
    980   4      880     970     981     990
    981   5      881     971     980     982     991
    982   5      882     972     981     983     992
    983   5      883     973     982     984     993
    984   5      884     974     983     985     994
    985   5      885     975     984     986     995
    986   5      886     976     985     987     996
    987   5      887     977     986     988     997
    988   5      888     978     987     989     998
    989   4      889     979     988     999
    990   3      890     980     991
    991   4      891     981     990     992
    992   4      892     982     991     993
    993   4      893     983     992     994
    994   4      894     984     993     995
    995   4      895     985     994     996
    996   4      896     986     995     997
    997   4      897     987     996     998
    998   4      898     988     997     999
    999   3      899     989     998
