N_node  1331
sum_N_point  8000
node number / number of points / point number
      0   1        0
      1   2        0      10
      2   2       10      20
      3   2       20      30
      4   2       30      40
      5   2       40      50
      6   2       50      60
      7   2       60      70
      8   2       70      80
      9   2       80      90
     10   1       90
     11   2        0     100
     12   4        0      10     100     110
     13   4       10      20     110     120
     14   4       20      30     120     130
     15   4       30      40     130     140
     16   4       40      50     140     150
     17   4       50      60     150     160
     18   4       60      70     160     170
     19   4       70      80     170     180
     20   4       80      90     180     190
     21   2       90     190
     22   2      100     200
     23   4      100     110     200     210
     24   4      110     120     210     220
     25   4      120     130     220     230
     26   4      130     140     230     240
     27   4      140     150     240     250
     28   4      150     160     250     260
     29   4      160     170     260     270
     30   4      170     180     270     280
     31   4      180     190     280     290
     32   2      190     290
     33   2      200     300
     34   4      200     210     300     310
     35   4      210     220     310     320
     36   4      220     230     320     330
     37   4      230     240     330     340
     38   4      240     250     340     350
     39   4      250     260     350     360
     40   4      260     270     360     370
     41   4      270     280     370     380
     42   4      280     290     380     390
     43   2      290     390
     44   2      300     400
     45   4      300     310     400     410
     46   4      310     320     410     420
     47   4      320     330     420     430
     48   4      330     340     430     440
     49   4      340     350     440     450
     50   4      350     360     450     460
     51   4      360     370     460     470
     52   4      370     380     470     480
     53   4      380     390     480     490
     54   2      390     490
     55   2      400     500
     56   4      400     410     500     510
     57   4      410     420     510     520
     58   4      420     430     520     530
     59   4      430     440     530     540
     60   4      440     450     540     550
     61   4      450     460     550     560
     62   4      460     470     560     570
     63   4      470     480     570     580
     64   4      480     490     580     590
     65   2      490     590
     66   2      500     600
     67   4      500     510     600     610
     68   4      510     520     610     620
     69   4      520     530     620     630
     70   4      530     540     630     640
     71   4      540     550     640     650
     72   4      550     560     650     660
     73   4      560     570     660     670
     74   4      570     580     670     680
     75   4      580     590     680     690
     76   2      590     690
     77   2      600     700
     78   4      600     610     700     710
     79   4      610     620     710     720
     80   4      620     630     720     730
     81   4      630     640     730     740
     82   4      640     650     740     750
     83   4      650     660     750     760
     84   4      660     670     760     770
     85   4      670     680     770     780
     86   4      680     690     780     790
     87   2      690     790
     88   2      700     800
     89   4      700     710     800     810
     90   4      710     720     810     820
     91   4      720     730     820     830
     92   4      730     740     830     840
     93   4      740     750     840     850
     94   4      750     760     850     860
     95   4      760     770     860     870
     96   4      770     780     870     880
     97   4      780     790     880     890
     98   2      790     890
     99   2      800     900
    100   4      800     810     900     910
    101   4      810     820     910     920
    102   4      820     830     920     930
    103   4      830     840     930     940
    104   4      840     850     940     950
    105   4      850     860     950     960
    106   4      860     870     960     970
    107   4      870     880     970     980
    108   4      880     890     980     990
    109   2      890     990
    110   1      900
    111   2      900     910
    112   2      910     920
    113   2      920     930
    114   2      930     940
    115   2      940     950
    116   2      950     960
    117   2      960     970
    118   2      970     980
    119   2      980     990
    120   1      990
    121   2        0       1
    122   2        1       2
    123   2        2       3
    124   2        3       4
    125   2        4       5
    126   2        5       6
    127   2        6       7
    128   2        7       8
    129   2        8       9
    130   1        9
    131   4        0       1      10      11
    132   4        1       2      11      12
    133   4        2       3      12      13
    134   4        3       4      13      14
    135   4        4       5      14      15
    136   4        5       6      15      16
    137   4        6       7      16      17
    138   4        7       8      17      18
    139   4        8       9      18      19
    140   2        9      19
    141   4       10      11      20      21
    142   4       11      12      21      22
    143   4       12      13      22      23
    144   4       13      14      23      24
    145   4       14      15      24      25
    146   4       15      16      25      26
    147   4       16      17      26      27
    148   4       17      18      27      28
    149   4       18      19      28      29
    150   2       19      29
    151   4       20      21      30      31
    152   4       21      22      31      32
    153   4       22      23      32      33
    154   4       23      24      33      34
    155   4       24      25      34      35
    156   4       25      26      35      36
    157   4       26      27      36      37
    158   4       27      28      37      38
    159   4       28      29      38      39
    160   2       29      39
    161   4       30      31      40      41
    162   4       31      32      41      42
    163   4       32      33      42      43
    164   4       33      34      43      44
    165   4       34      35      44      45
    166   4       35      36      45      46
    167   4       36      37      46      47
    168   4       37      38      47      48
    169   4       38      39      48      49
    170   2       39      49
    171   4       40      41      50      51
    172   4       41      42      51      52
    173   4       42      43      52      53
    174   4       43      44      53      54
    175   4       44      45      54      55
    176   4       45      46      55      56
    177   4       46      47      56      57
    178   4       47      48      57      58
    179   4       48      49      58      59
    180   2       49      59
    181   4       50      51      60      61
    182   4       51      52      61      62
    183   4       52      53      62      63
    184   4       53      54      63      64
    185   4       54      55      64      65
    186   4       55      56      65      66
    187   4       56      57      66      67
    188   4       57      58      67      68
    189   4       58      59      68      69
    190   2       59      69
    191   4       60      61      70      71
    192   4       61      62      71      72
    193   4       62      63      72      73
    194   4       63      64      73      74
    195   4       64      65      74      75
    196   4       65      66      75      76
    197   4       66      67      76      77
    198   4       67      68      77      78
    199   4       68      69      78      79
    200   2       69      79
    201   4       70      71      80      81
    202   4       71      72      81      82
    203   4       72      73      82      83
    204   4       73      74      83      84
    205   4       74      75      84      85
    206   4       75      76      85      86
    207   4       76      77      86      87
    208   4       77      78      87      88
    209   4       78      79      88      89
    210   2       79      89
    211   4       80      81      90      91
    212   4       81      82      91      92
    213   4       82      83      92      93
    214   4       83      84      93      94
    215   4       84      85      94      95
    216   4       85      86      95      96
    217   4       86      87      96      97
    218   4       87      88      97      98
    219   4       88      89      98      99
    220   2       89      99
    221   2       90      91
    222   2       91      92
    223   2       92      93
    224   2       93      94
    225   2       94      95
    226   2       95      96
    227   2       96      97
    228   2       97      98
    229   2       98      99
    230   1       99
    231   4        0       1     100     101
    232   4        1       2     101     102
    233   4        2       3     102     103
    234   4        3       4     103     104
    235   4        4       5     104     105
    236   4        5       6     105     106
    237   4        6       7     106     107
    238   4        7       8     107     108
    239   4        8       9     108     109
    240   2        9     109
    241   8        0       1      10      11     100     101     110     111
    242   8        1       2      11      12     101     102     111     112
    243   8        2       3      12      13     102     103     112     113
    244   8        3       4      13      14     103     104     113     114
    245   8        4       5      14      15     104     105     114     115
    246   8        5       6      15      16     105     106     115     116
    247   8        6       7      16      17     106     107     116     117
    248   8        7       8      17      18     107     108     117     118
    249   8        8       9      18      19     108     109     118     119
    250   4        9      19     109     119
    251   8       10      11      20      21     110     111     120     121
    252   8       11      12      21      22     111     112     121     122
    253   8       12      13      22      23     112     113     122     123
    254   8       13      14      23      24     113     114     123     124
    255   8       14      15      24      25     114     115     124     125
    256   8       15      16      25      26     115     116     125     126
    257   8       16      17      26      27     116     117     126     127
    258   8       17      18      27      28     117     118     127     128
    259   8       18      19      28      29     118     119     128     129
    260   4       19      29     119     129
    261   8       20      21      30      31     120     121     130     131
    262   8       21      22      31      32     121     122     131     132
    263   8       22      23      32      33     122     123     132     133
    264   8       23      24      33      34     123     124     133     134
    265   8       24      25      34      35     124     125     134     135
    266   8       25      26      35      36     125     126     135     136
    267   8       26      27      36      37     126     127     136     137
    268   8       27      28      37      38     127     128     137     138
    269   8       28      29      38      39     128     129     138     139
    270   4       29      39     129     139
    271   8       30      31      40      41     130     131     140     141
    272   8       31      32      41      42     131     132     141     142
    273   8       32      33      42      43     132     133     142     143
    274   8       33      34      43      44     133     134     143     144
    275   8       34      35      44      45     134     135     144     145
    276   8       35      36      45      46     135     136     145     146
    277   8       36      37      46      47     136     137     146     147
    278   8       37      38      47      48     137     138     147     148
    279   8       38      39      48      49     138     139     148     149
    280   4       39      49     139     149
    281   8       40      41      50      51     140     141     150     151
    282   8       41      42      51      52     141     142     151     152
    283   8       42      43      52      53     142     143     152     153
    284   8       43      44      53      54     143     144     153     154
    285   8       44      45      54      55     144     145     154     155
    286   8       45      46      55      56     145     146     155     156
    287   8       46      47      56      57     146     147     156     157
    288   8       47      48      57      58     147     148     157     158
    289   8       48      49      58      59     148     149     158     159
    290   4       49      59     149     159
    291   8       50      51      60      61     150     151     160     161
    292   8       51      52      61      62     151     152     161     162
    293   8       52      53      62      63     152     153     162     163
    294   8       53      54      63      64     153     154     163     164
    295   8       54      55      64      65     154     155     164     165
    296   8       55      56      65      66     155     156     165     166
    297   8       56      57      66      67     156     157     166     167
    298   8       57      58      67      68     157     158     167     168
    299   8       58      59      68      69     158     159     168     169
    300   4       59      69     159     169
    301   8       60      61      70      71     160     161     170     171
    302   8       61      62      71      72     161     162     171     172
    303   8       62      63      72      73     162     163     172     173
    304   8       63      64      73      74     163     164     173     174
    305   8       64      65      74      75     164     165     174     175
    306   8       65      66      75      76     165     166     175     176
    307   8       66      67      76      77     166     167     176     177
    308   8       67      68      77      78     167     168     177     178
    309   8       68      69      78      79     168     169     178     179
    310   4       69      79     169     179
    311   8       70      71      80      81     170     171     180     181
    312   8       71      72      81      82     171     172     181     182
    313   8       72      73      82      83     172     173     182     183
    314   8       73      74      83      84     173     174     183     184
    315   8       74      75      84      85     174     175     184     185
    316   8       75      76      85      86     175     176     185     186
    317   8       76      77      86      87     176     177     186     187
    318   8       77      78      87      88     177     178     187     188
    319   8       78      79      88      89     178     179     188     189
    320   4       79      89     179     189
    321   8       80      81      90      91     180     181     190     191
    322   8       81      82      91      92     181     182     191     192
    323   8       82      83      92      93     182     183     192     193
    324   8       83      84      93      94     183     184     193     194
    325   8       84      85      94      95     184     185     194     195
    326   8       85      86      95      96     185     186     195     196
    327   8       86      87      96      97     186     187     196     197
    328   8       87      88      97      98     187     188     197     198
    329   8       88      89      98      99     188     189     198     199
    330   4       89      99     189     199
    331   4       90      91     190     191
    332   4       91      92     191     192
    333   4       92      93     192     193
    334   4       93      94     193     194
    335   4       94      95     194     195
    336   4       95      96     195     196
    337   4       96      97     196     197
    338   4       97      98     197     198
    339   4       98      99     198     199
    340   2       99     199
    341   4      100     101     200     201
    342   4      101     102     201     202
    343   4      102     103     202     203
    344   4      103     104     203     204
    345   4      104     105     204     205
    346   4      105     106     205     206
    347   4      106     107     206     207
    348   4      107     108     207     208
    349   4      108     109     208     209
    350   2      109     209
    351   8      100     101     110     111     200     201     210     211
    352   8      101     102     111     112     201     202     211     212
    353   8      102     103     112     113     202     203     212     213
    354   8      103     104     113     114     203     204     213     214
    355   8      104     105     114     115     204     205     214     215
    356   8      105     106     115     116     205     206     215     216
    357   8      106     107     116     117     206     207     216     217
    358   8      107     108     117     118     207     208     217     218
    359   8      108     109     118     119     208     209     218     219
    360   4      109     119     209     219
    361   8      110     111     120     121     210     211     220     221
    362   8      111     112     121     122     211     212     221     222
    363   8      112     113     122     123     212     213     222     223
    364   8      113     114     123     124     213     214     223     224
    365   8      114     115     124     125     214     215     224     225
    366   8      115     116     125     126     215     216     225     226
    367   8      116     117     126     127     216     217     226     227
    368   8      117     118     127     128     217     218     227     228
    369   8      118     119     128     129     218     219     228     229
    370   4      119     129     219     229
    371   8      120     121     130     131     220     221     230     231
    372   8      121     122     131     132     221     222     231     232
    373   8      122     123     132     133     222     223     232     233
    374   8      123     124     133     134     223     224     233     234
    375   8      124     125     134     135     224     225     234     235
    376   8      125     126     135     136     225     226     235     236
    377   8      126     127     136     137     226     227     236     237
    378   8      127     128     137     138     227     228     237     238
    379   8      128     129     138     139     228     229     238     239
    380   4      129     139     229     239
    381   8      130     131     140     141     230     231     240     241
    382   8      131     132     141     142     231     232     241     242
    383   8      132     133     142     143     232     233     242     243
    384   8      133     134     143     144     233     234     243     244
    385   8      134     135     144     145     234     235     244     245
    386   8      135     136     145     146     235     236     245     246
    387   8      136     137     146     147     236     237     246     247
    388   8      137     138     147     148     237     238     247     248
    389   8      138     139     148     149     238     239     248     249
    390   4      139     149     239     249
    391   8      140     141     150     151     240     241     250     251
    392   8      141     142     151     152     241     242     251     252
    393   8      142     143     152     153     242     243     252     253
    394   8      143     144     153     154     243     244     253     254
    395   8      144     145     154     155     244     245     254     255
    396   8      145     146     155     156     245     246     255     256
    397   8      146     147     156     157     246     247     256     257
    398   8      147     148     157     158     247     248     257     258
    399   8      148     149     158     159     248     249     258     259
    400   4      149     159     249     259
    401   8      150     151     160     161     250     251     260     261
    402   8      151     152     161     162     251     252     261     262
    403   8      152     153     162     163     252     253     262     263
    404   8      153     154     163     164     253     254     263     264
    405   8      154     155     164     165     254     255     264     265
    406   8      155     156     165     166     255     256     265     266
    407   8      156     157     166     167     256     257     266     267
    408   8      157     158     167     168     257     258     267     268
    409   8      158     159     168     169     258     259     268     269
    410   4      159     169     259     269
    411   8      160     161     170     171     260     261     270     271
    412   8      161     162     171     172     261     262     271     272
    413   8      162     163     172     173     262     263     272     273
    414   8      163     164     173     174     263     264     273     274
    415   8      164     165     174     175     264     265     274     275
    416   8      165     166     175     176     265     266     275     276
    417   8      166     167     176     177     266     267     276     277
    418   8      167     168     177     178     267     268     277     278
    419   8      168     169     178     179     268     269     278     279
    420   4      169     179     269     279
    421   8      170     171     180     181     270     271     280     281
    422   8      171     172     181     182     271     272     281     282
    423   8      172     173     182     183     272     273     282     283
    424   8      173     174     183     184     273     274     283     284
    425   8      174     175     184     185     274     275     284     285
    426   8      175     176     185     186     275     276     285     286
    427   8      176     177     186     187     276     277     286     287
    428   8      177     178     187     188     277     278     287     288
    429   8      178     179     188     189     278     279     288     289
    430   4      179     189     279     289
    431   8      180     181     190     191     280     281     290     291
    432   8      181     182     191     192     281     282     291     292
    433   8      182     183     192     193     282     283     292     293
    434   8      183     184     193     194     283     284     293     294
    435   8      184     185     194     195     284     285     294     295
    436   8      185     186     195     196     285     286     295     296
    437   8      186     187     196     197     286     287     296     297
    438   8      187     188     197     198     287     288     297     298
    439   8      188     189     198     199     288     289     298     299
    440   4      189     199     289     299
    441   4      190     191     290     291
    442   4      191     192     291     292
    443   4      192     193     292     293
    444   4      193     194     293     294
    445   4      194     195     294     295
    446   4      195     196     295     296
    447   4      196     197     296     297
    448   4      197     198     297     298
    449   4      198     199     298     299
    450   2      199     299
    451   4      200     201     300     301
    452   4      201     202     301     302
    453   4      202     203     302     303
    454   4      203     204     303     304
    455   4      204     205     304     305
    456   4      205     206     305     306
    457   4      206     207     306     307
    458   4      207     208     307     308
    459   4      208     209     308     309
    460   2      209     309
    461   8      200     201     210     211     300     301     310     311
    462   8      201     202     211     212     301     302     311     312
    463   8      202     203     212     213     302     303     312     313
    464   8      203     204     213     214     303     304     313     314
    465   8      204     205     214     215     304     305     314     315
    466   8      205     206     215     216     305     306     315     316
    467   8      206     207     216     217     306     307     316     317
    468   8      207     208     217     218     307     308     317     318
    469   8      208     209     218     219     308     309     318     319
    470   4      209     219     309     319
    471   8      210     211     220     221     310     311     320     321
    472   8      211     212     221     222     311     312     321     322
    473   8      212     213     222     223     312     313     322     323
    474   8      213     214     223     224     313     314     323     324
    475   8      214     215     224     225     314     315     324     325
    476   8      215     216     225     226     315     316     325     326
    477   8      216     217     226     227     316     317     326     327
    478   8      217     218     227     228     317     318     327     328
    479   8      218     219     228     229     318     319     328     329
    480   4      219     229     319     329
    481   8      220     221     230     231     320     321     330     331
    482   8      221     222     231     232     321     322     331     332
    483   8      222     223     232     233     322     323     332     333
    484   8      223     224     233     234     323     324     333     334
    485   8      224     225     234     235     324     325     334     335
    486   8      225     226     235     236     325     326     335     336
    487   8      226     227     236     237     326     327     336     337
    488   8      227     228     237     238     327     328     337     338
    489   8      228     229     238     239     328     329     338     339
    490   4      229     239     329     339
    491   8      230     231     240     241     330     331     340     341
    492   8      231     232     241     242     331     332     341     342
    493   8      232     233     242     243     332     333     342     343
    494   8      233     234     243     244     333     334     343     344
    495   8      234     235     244     245     334     335     344     345
    496   8      235     236     245     246     335     336     345     346
    497   8      236     237     246     247     336     337     346     347
    498   8      237     238     247     248     337     338     347     348
    499   8      238     239     248     249     338     339     348     349
    500   4      239     249     339     349
    501   8      240     241     250     251     340     341     350     351
    502   8      241     242     251     252     341     342     351     352
    503   8      242     243     252     253     342     343     352     353
    504   8      243     244     253     254     343     344     353     354
    505   8      244     245     254     255     344     345     354     355
    506   8      245     246     255     256     345     346     355     356
    507   8      246     247     256     257     346     347     356     357
    508   8      247     248     257     258     347     348     357     358
    509   8      248     249     258     259     348     349     358     359
    510   4      249     259     349     359
    511   8      250     251     260     261     350     351     360     361
    512   8      251     252     261     262     351     352     361     362
    513   8      252     253     262     263     352     353     362     363
    514   8      253     254     263     264     353     354     363     364
    515   8      254     255     264     265     354     355     364     365
    516   8      255     256     265     266     355     356     365     366
    517   8      256     257     266     267     356     357     366     367
    518   8      257     258     267     268     357     358     367     368
    519   8      258     259     268     269     358     359     368     369
    520   4      259     269     359     369
    521   8      260     261     270     271     360     361     370     371
    522   8      261     262     271     272     361     362     371     372
    523   8      262     263     272     273     362     363     372     373
    524   8      263     264     273     274     363     364     373     374
    525   8      264     265     274     275     364     365     374     375
    526   8      265     266     275     276     365     366     375     376
    527   8      266     267     276     277     366     367     376     377
    528   8      267     268     277     278     367     368     377     378
    529   8      268     269     278     279     368     369     378     379
    530   4      269     279     369     379
    531   8      270     271     280     281     370     371     380     381
    532   8      271     272     281     282     371     372     381     382
    533   8      272     273     282     283     372     373     382     383
    534   8      273     274     283     284     373     374     383     384
    535   8      274     275     284     285     374     375     384     385
    536   8      275     276     285     286     375     376     385     386
    537   8      276     277     286     287     376     377     386     387
    538   8      277     278     287     288     377     378     387     388
    539   8      278     279     288     289     378     379     388     389
    540   4      279     289     379     389
    541   8      280     281     290     291     380     381     390     391
    542   8      281     282     291     292     381     382     391     392
    543   8      282     283     292     293     382     383     392     393
    544   8      283     284     293     294     383     384     393     394
    545   8      284     285     294     295     384     385     394     395
    546   8      285     286     295     296     385     386     395     396
    547   8      286     287     296     297     386     387     396     397
    548   8      287     288     297     298     387     388     397     398
    549   8      288     289     298     299     388     389     398     399
    550   4      289     299     389     399
    551   4      290     291     390     391
    552   4      291     292     391     392
    553   4      292     293     392     393
    554   4      293     294     393     394
    555   4      294     295     394     395
    556   4      295     296     395     396
    557   4      296     297     396     397
    558   4      297     298     397     398
    559   4      298     299     398     399
    560   2      299     399
    561   4      300     301     400     401
    562   4      301     302     401     402
    563   4      302     303     402     403
    564   4      303     304     403     404
    565   4      304     305     404     405
    566   4      305     306     405     406
    567   4      306     307     406     407
    568   4      307     308     407     408
    569   4      308     309     408     409
    570   2      309     409
    571   8      300     301     310     311     400     401     410     411
    572   8      301     302     311     312     401     402     411     412
    573   8      302     303     312     313     402     403     412     413
    574   8      303     304     313     314     403     404     413     414
    575   8      304     305     314     315     404     405     414     415
    576   8      305     306     315     316     405     406     415     416
    577   8      306     307     316     317     406     407     416     417
    578   8      307     308     317     318     407     408     417     418
    579   8      308     309     318     319     408     409     418     419
    580   4      309     319     409     419
    581   8      310     311     320     321     410     411     420     421
    582   8      311     312     321     322     411     412     421     422
    583   8      312     313     322     323     412     413     422     423
    584   8      313     314     323     324     413     414     423     424
    585   8      314     315     324     325     414     415     424     425
    586   8      315     316     325     326     415     416     425     426
    587   8      316     317     326     327     416     417     426     427
    588   8      317     318     327     328     417     418     427     428
    589   8      318     319     328     329     418     419     428     429
    590   4      319     329     419     429
    591   8      320     321     330     331     420     421     430     431
    592   8      321     322     331     332     421     422     431     432
    593   8      322     323     332     333     422     423     432     433
    594   8      323     324     333     334     423     424     433     434
    595   8      324     325     334     335     424     425     434     435
    596   8      325     326     335     336     425     426     435     436
    597   8      326     327     336     337     426     427     436     437
    598   8      327     328     337     338     427     428     437     438
    599   8      328     329     338     339     428     429     438     439
    600   4      329     339     429     439
    601   8      330     331     340     341     430     431     440     441
    602   8      331     332     341     342     431     432     441     442
    603   8      332     333     342     343     432     433     442     443
    604   8      333     334     343     344     433     434     443     444
    605   8      334     335     344     345     434     435     444     445
    606   8      335     336     345     346     435     436     445     446
    607   8      336     337     346     347     436     437     446     447
    608   8      337     338     347     348     437     438     447     448
    609   8      338     339     348     349     438     439     448     449
    610   4      339     349     439     449
    611   8      340     341     350     351     440     441     450     451
    612   8      341     342     351     352     441     442     451     452
    613   8      342     343     352     353     442     443     452     453
    614   8      343     344     353     354     443     444     453     454
    615   8      344     345     354     355     444     445     454     455
    616   8      345     346     355     356     445     446     455     456
    617   8      346     347     356     357     446     447     456     457
    618   8      347     348     357     358     447     448     457     458
    619   8      348     349     358     359     448     449     458     459
    620   4      349     359     449     459
    621   8      350     351     360     361     450     451     460     461
    622   8      351     352     361     362     451     452     461     462
    623   8      352     353     362     363     452     453     462     463
    624   8      353     354     363     364     453     454     463     464
    625   8      354     355     364     365     454     455     464     465
    626   8      355     356     365     366     455     456     465     466
    627   8      356     357     366     367     456     457     466     467
    628   8      357     358     367     368     457     458     467     468
    629   8      358     359     368     369     458     459     468     469
    630   4      359     369     459     469
    631   8      360     361     370     371     460     461     470     471
    632   8      361     362     371     372     461     462     471     472
    633   8      362     363     372     373     462     463     472     473
    634   8      363     364     373     374     463     464     473     474
    635   8      364     365     374     375     464     465     474     475
    636   8      365     366     375     376     465     466     475     476
    637   8      366     367     376     377     466     467     476     477
    638   8      367     368     377     378     467     468     477     478
    639   8      368     369     378     379     468     469     478     479
    640   4      369     379     469     479
    641   8      370     371     380     381     470     471     480     481
    642   8      371     372     381     382     471     472     481     482
    643   8      372     373     382     383     472     473     482     483
    644   8      373     374     383     384     473     474     483     484
    645   8      374     375     384     385     474     475     484     485
    646   8      375     376     385     386     475     476     485     486
    647   8      376     377     386     387     476     477     486     487
    648   8      377     378     387     388     477     478     487     488
    649   8      378     379     388     389     478     479     488     489
    650   4      379     389     479     489
    651   8      380     381     390     391     480     481     490     491
    652   8      381     382     391     392     481     482     491     492
    653   8      382     383     392     393     482     483     492     493
    654   8      383     384     393     394     483     484     493     494
    655   8      384     385     394     395     484     485     494     495
    656   8      385     386     395     396     485     486     495     496
    657   8      386     387     396     397     486     487     496     497
    658   8      387     388     397     398     487     488     497     498
    659   8      388     389     398     399     488     489     498     499
    660   4      389     399     489     499
    661   4      390     391     490     491
    662   4      391     392     491     492
    663   4      392     393     492     493
    664   4      393     394     493     494
    665   4      394     395     494     495
    666   4      395     396     495     496
    667   4      396     397     496     497
    668   4      397     398     497     498
    669   4      398     399     498     499
    670   2      399     499
    671   4      400     401     500     501
    672   4      401     402     501     502
    673   4      402     403     502     503
    674   4      403     404     503     504
    675   4      404     405     504     505
    676   4      405     406     505     506
    677   4      406     407     506     507
    678   4      407     408     507     508
    679   4      408     409     508     509
    680   2      409     509
    681   8      400     401     410     411     500     501     510     511
    682   8      401     402     411     412     501     502     511     512
    683   8      402     403     412     413     502     503     512     513
    684   8      403     404     413     414     503     504     513     514
    685   8      404     405     414     415     504     505     514     515
    686   8      405     406     415     416     505     506     515     516
    687   8      406     407     416     417     506     507     516     517
    688   8      407     408     417     418     507     508     517     518
    689   8      408     409     418     419     508     509     518     519
    690   4      409     419     509     519
    691   8      410     411     420     421     510     511     520     521
    692   8      411     412     421     422     511     512     521     522
    693   8      412     413     422     423     512     513     522     523
    694   8      413     414     423     424     513     514     523     524
    695   8      414     415     424     425     514     515     524     525
    696   8      415     416     425     426     515     516     525     526
    697   8      416     417     426     427     516     517     526     527
    698   8      417     418     427     428     517     518     527     528
    699   8      418     419     428     429     518     519     528     529
    700   4      419     429     519     529
    701   8      420     421     430     431     520     521     530     531
    702   8      421     422     431     432     521     522     531     532
    703   8      422     423     432     433     522     523     532     533
    704   8      423     424     433     434     523     524     533     534
    705   8      424     425     434     435     524     525     534     535
    706   8      425     426     435     436     525     526     535     536
    707   8      426     427     436     437     526     527     536     537
    708   8      427     428     437     438     527     528     537     538
    709   8      428     429     438     439     528     529     538     539
    710   4      429     439     529     539
    711   8      430     431     440     441     530     531     540     541
    712   8      431     432     441     442     531     532     541     542
    713   8      432     433     442     443     532     533     542     543
    714   8      433     434     443     444     533     534     543     544
    715   8      434     435     444     445     534     535     544     545
    716   8      435     436     445     446     535     536     545     546
    717   8      436     437     446     447     536     537     546     547
    718   8      437     438     447     448     537     538     547     548
    719   8      438     439     448     449     538     539     548     549
    720   4      439     449     539     549
    721   8      440     441     450     451     540     541     550     551
    722   8      441     442     451     452     541     542     551     552
    723   8      442     443     452     453     542     543     552     553
    724   8      443     444     453     454     543     544     553     554
    725   8      444     445     454     455     544     545     554     555
    726   8      445     446     455     456     545     546     555     556
    727   8      446     447     456     457     546     547     556     557
    728   8      447     448     457     458     547     548     557     558
    729   8      448     449     458     459     548     549     558     559
    730   4      449     459     549     559
    731   8      450     451     460     461     550     551     560     561
    732   8      451     452     461     462     551     552     561     562
    733   8      452     453     462     463     552     553     562     563
    734   8      453     454     463     464     553     554     563     564
    735   8      454     455     464     465     554     555     564     565
    736   8      455     456     465     466     555     556     565     566
    737   8      456     457     466     467     556     557     566     567
    738   8      457     458     467     468     557     558     567     568
    739   8      458     459     468     469     558     559     568     569
    740   4      459     469     559     569
    741   8      460     461     470     471     560     561     570     571
    742   8      461     462     471     472     561     562     571     572
    743   8      462     463     472     473     562     563     572     573
    744   8      463     464     473     474     563     564     573     574
    745   8      464     465     474     475     564     565     574     575
    746   8      465     466     475     476     565     566     575     576
    747   8      466     467     476     477     566     567     576     577
    748   8      467     468     477     478     567     568     577     578
    749   8      468     469     478     479     568     569     578     579
    750   4      469     479     569     579
    751   8      470     471     480     481     570     571     580     581
    752   8      471     472     481     482     571     572     581     582
    753   8      472     473     482     483     572     573     582     583
    754   8      473     474     483     484     573     574     583     584
    755   8      474     475     484     485     574     575     584     585
    756   8      475     476     485     486     575     576     585     586
    757   8      476     477     486     487     576     577     586     587
    758   8      477     478     487     488     577     578     587     588
    759   8      478     479     488     489     578     579     588     589
    760   4      479     489     579     589
    761   8      480     481     490     491     580     581     590     591
    762   8      481     482     491     492     581     582     591     592
    763   8      482     483     492     493     582     583     592     593
    764   8      483     484     493     494     583     584     593     594
    765   8      484     485     494     495     584     585     594     595
    766   8      485     486     495     496     585     586     595     596
    767   8      486     487     496     497     586     587     596     597
    768   8      487     488     497     498     587     588     597     598
    769   8      488     489     498     499     588     589     598     599
    770   4      489     499     589     599
    771   4      490     491     590     591
    772   4      491     492     591     592
    773   4      492     493     592     593
    774   4      493     494     593     594
    775   4      494     495     594     595
    776   4      495     496     595     596
    777   4      496     497     596     597
    778   4      497     498     597     598
    779   4      498     499     598     599
    780   2      499     599
    781   4      500     501     600     601
    782   4      501     502     601     602
    783   4      502     503     602     603
    784   4      503     504     603     604
    785   4      504     505     604     605
    786   4      505     506     605     606
    787   4      506     507     606     607
    788   4      507     508     607     608
    789   4      508     509     608     609
    790   2      509     609
    791   8      500     501     510     511     600     601     610     611
    792   8      501     502     511     512     601     602     611     612
    793   8      502     503     512     513     602     603     612     613
    794   8      503     504     513     514     603     604     613     614
    795   8      504     505     514     515     604     605     614     615
    796   8      505     506     515     516     605     606     615     616
    797   8      506     507     516     517     606     607     616     617
    798   8      507     508     517     518     607     608     617     618
    799   8      508     509     518     519     608     609     618     619
    800   4      509     519     609     619
    801   8      510     511     520     521     610     611     620     621
    802   8      511     512     521     522     611     612     621     622
    803   8      512     513     522     523     612     613     622     623
    804   8      513     514     523     524     613     614     623     624
    805   8      514     515     524     525     614     615     624     625
    806   8      515     516     525     526     615     616     625     626
    807   8      516     517     526     527     616     617     626     627
    808   8      517     518     527     528     617     618     627     628
    809   8      518     519     528     529     618     619     628     629
    810   4      519     529     619     629
    811   8      520     521     530     531     620     621     630     631
    812   8      521     522     531     532     621     622     631     632
    813   8      522     523     532     533     622     623     632     633
    814   8      523     524     533     534     623     624     633     634
    815   8      524     525     534     535     624     625     634     635
    816   8      525     526     535     536     625     626     635     636
    817   8      526     527     536     537     626     627     636     637
    818   8      527     528     537     538     627     628     637     638
    819   8      528     529     538     539     628     629     638     639
    820   4      529     539     629     639
    821   8      530     531     540     541     630     631     640     641
    822   8      531     532     541     542     631     632     641     642
    823   8      532     533     542     543     632     633     642     643
    824   8      533     534     543     544     633     634     643     644
    825   8      534     535     544     545     634     635     644     645
    826   8      535     536     545     546     635     636     645     646
    827   8      536     537     546     547     636     637     646     647
    828   8      537     538     547     548     637     638     647     648
    829   8      538     539     548     549     638     639     648     649
    830   4      539     549     639     649
    831   8      540     541     550     551     640     641     650     651
    832   8      541     542     551     552     641     642     651     652
    833   8      542     543     552     553     642     643     652     653
    834   8      543     544     553     554     643     644     653     654
    835   8      544     545     554     555     644     645     654     655
    836   8      545     546     555     556     645     646     655     656
    837   8      546     547     556     557     646     647     656     657
    838   8      547     548     557     558     647     648     657     658
    839   8      548     549     558     559     648     649     658     659
    840   4      549     559     649     659
    841   8      550     551     560     561     650     651     660     661
    842   8      551     552     561     562     651     652     661     662
    843   8      552     553     562     563     652     653     662     663
    844   8      553     554     563     564     653     654     663     664
    845   8      554     555     564     565     654     655     664     665
    846   8      555     556     565     566     655     656     665     666
    847   8      556     557     566     567     656     657     666     667
    848   8      557     558     567     568     657     658     667     668
    849   8      558     559     568     569     658     659     668     669
    850   4      559     569     659     669
    851   8      560     561     570     571     660     661     670     671
    852   8      561     562     571     572     661     662     671     672
    853   8      562     563     572     573     662     663     672     673
    854   8      563     564     573     574     663     664     673     674
    855   8      564     565     574     575     664     665     674     675
    856   8      565     566     575     576     665     666     675     676
    857   8      566     567     576     577     666     667     676     677
    858   8      567     568     577     578     667     668     677     678
    859   8      568     569     578     579     668     669     678     679
    860   4      569     579     669     679
    861   8      570     571     580     581     670     671     680     681
    862   8      571     572     581     582     671     672     681     682
    863   8      572     573     582     583     672     673     682     683
    864   8      573     574     583     584     673     674     683     684
    865   8      574     575     584     585     674     675     684     685
    866   8      575     576     585     586     675     676     685     686
    867   8      576     577     586     587     676     677     686     687
    868   8      577     578     587     588     677     678     687     688
    869   8      578     579     588     589     678     679     688     689
    870   4      579     589     679     689
    871   8      580     581     590     591     680     681     690     691
    872   8      581     582     591     592     681     682     691     692
    873   8      582     583     592     593     682     683     692     693
    874   8      583     584     593     594     683     684     693     694
    875   8      584     585     594     595     684     685     694     695
    876   8      585     586     595     596     685     686     695     696
    877   8      586     587     596     597     686     687     696     697
    878   8      587     588     597     598     687     688     697     698
    879   8      588     589     598     599     688     689     698     699
    880   4      589     599     689     699
    881   4      590     591     690     691
    882   4      591     592     691     692
    883   4      592     593     692     693
    884   4      593     594     693     694
    885   4      594     595     694     695
    886   4      595     596     695     696
    887   4      596     597     696     697
    888   4      597     598     697     698
    889   4      598     599     698     699
    890   2      599     699
    891   4      600     601     700     701
    892   4      601     602     701     702
    893   4      602     603     702     703
    894   4      603     604     703     704
    895   4      604     605     704     705
    896   4      605     606     705     706
    897   4      606     607     706     707
    898   4      607     608     707     708
    899   4      608     609     708     709
    900   2      609     709
    901   8      600     601     610     611     700     701     710     711
    902   8      601     602     611     612     701     702     711     712
    903   8      602     603     612     613     702     703     712     713
    904   8      603     604     613     614     703     704     713     714
    905   8      604     605     614     615     704     705     714     715
    906   8      605     606     615     616     705     706     715     716
    907   8      606     607     616     617     706     707     716     717
    908   8      607     608     617     618     707     708     717     718
    909   8      608     609     618     619     708     709     718     719
    910   4      609     619     709     719
    911   8      610     611     620     621     710     711     720     721
    912   8      611     612     621     622     711     712     721     722
    913   8      612     613     622     623     712     713     722     723
    914   8      613     614     623     624     713     714     723     724
    915   8      614     615     624     625     714     715     724     725
    916   8      615     616     625     626     715     716     725     726
    917   8      616     617     626     627     716     717     726     727
    918   8      617     618     627     628     717     718     727     728
    919   8      618     619     628     629     718     719     728     729
    920   4      619     629     719     729
    921   8      620     621     630     631     720     721     730     731
    922   8      621     622     631     632     721     722     731     732
    923   8      622     623     632     633     722     723     732     733
    924   8      623     624     633     634     723     724     733     734
    925   8      624     625     634     635     724     725     734     735
    926   8      625     626     635     636     725     726     735     736
    927   8      626     627     636     637     726     727     736     737
    928   8      627     628     637     638     727     728     737     738
    929   8      628     629     638     639     728     729     738     739
    930   4      629     639     729     739
    931   8      630     631     640     641     730     731     740     741
    932   8      631     632     641     642     731     732     741     742
    933   8      632     633     642     643     732     733     742     743
    934   8      633     634     643     644     733     734     743     744
    935   8      634     635     644     645     734     735     744     745
    936   8      635     636     645     646     735     736     745     746
    937   8      636     637     646     647     736     737     746     747
    938   8      637     638     647     648     737     738     747     748
    939   8      638     639     648     649     738     739     748     749
    940   4      639     649     739     749
    941   8      640     641     650     651     740     741     750     751
    942   8      641     642     651     652     741     742     751     752
    943   8      642     643     652     653     742     743     752     753
    944   8      643     644     653     654     743     744     753     754
    945   8      644     645     654     655     744     745     754     755
    946   8      645     646     655     656     745     746     755     756
    947   8      646     647     656     657     746     747     756     757
    948   8      647     648     657     658     747     748     757     758
    949   8      648     649     658     659     748     749     758     759
    950   4      649     659     749     759
    951   8      650     651     660     661     750     751     760     761
    952   8      651     652     661     662     751     752     761     762
    953   8      652     653     662     663     752     753     762     763
    954   8      653     654     663     664     753     754     763     764
    955   8      654     655     664     665     754     755     764     765
    956   8      655     656     665     666     755     756     765     766
    957   8      656     657     666     667     756     757     766     767
    958   8      657     658     667     668     757     758     767     768
    959   8      658     659     668     669     758     759     768     769
    960   4      659     669     759     769
    961   8      660     661     670     671     760     761     770     771
    962   8      661     662     671     672     761     762     771     772
    963   8      662     663     672     673     762     763     772     773
    964   8      663     664     673     674     763     764     773     774
    965   8      664     665     674     675     764     765     774     775
    966   8      665     666     675     676     765     766     775     776
    967   8      666     667     676     677     766     767     776     777
    968   8      667     668     677     678     767     768     777     778
    969   8      668     669     678     679     768     769     778     779
    970   4      669     679     769     779
    971   8      670     671     680     681     770     771     780     781
    972   8      671     672     681     682     771     772     781     782
    973   8      672     673     682     683     772     773     782     783
    974   8      673     674     683     684     773     774     783     784
    975   8      674     675     684     685     774     775     784     785
    976   8      675     676     685     686     775     776     785     786
    977   8      676     677     686     687     776     777     786     787
    978   8      677     678     687     688     777     778     787     788
    979   8      678     679     688     689     778     779     788     789
    980   4      679     689     779     789
    981   8      680     681     690     691     780     781     790     791
    982   8      681     682     691     692     781     782     791     792
    983   8      682     683     692     693     782     783     792     793
    984   8      683     684     693     694     783     784     793     794
    985   8      684     685     694     695     784     785     794     795
    986   8      685     686     695     696     785     786     795     796
    987   8      686     687     696     697     786     787     796     797
    988   8      687     688     697     698     787     788     797     798
    989   8      688     689     698     699     788     789     798     799
    990   4      689     699     789     799
    991   4      690     691     790     791
    992   4      691     692     791     792
    993   4      692     693     792     793
    994   4      693     694     793     794
    995   4      694     695     794     795
    996   4      695     696     795     796
    997   4      696     697     796     797
    998   4      697     698     797     798
    999   4      698     699     798     799
   1000   2      699     799
   1001   4      700     701     800     801
   1002   4      701     702     801     802
   1003   4      702     703     802     803
   1004   4      703     704     803     804
   1005   4      704     705     804     805
   1006   4      705     706     805     806
   1007   4      706     707     806     807
   1008   4      707     708     807     808
   1009   4      708     709     808     809
   1010   2      709     809
   1011   8      700     701     710     711     800     801     810     811
   1012   8      701     702     711     712     801     802     811     812
   1013   8      702     703     712     713     802     803     812     813
   1014   8      703     704     713     714     803     804     813     814
   1015   8      704     705     714     715     804     805     814     815
   1016   8      705     706     715     716     805     806     815     816
   1017   8      706     707     716     717     806     807     816     817
   1018   8      707     708     717     718     807     808     817     818
   1019   8      708     709     718     719     808     809     818     819
   1020   4      709     719     809     819
   1021   8      710     711     720     721     810     811     820     821
   1022   8      711     712     721     722     811     812     821     822
   1023   8      712     713     722     723     812     813     822     823
   1024   8      713     714     723     724     813     814     823     824
   1025   8      714     715     724     725     814     815     824     825
   1026   8      715     716     725     726     815     816     825     826
   1027   8      716     717     726     727     816     817     826     827
   1028   8      717     718     727     728     817     818     827     828
   1029   8      718     719     728     729     818     819     828     829
   1030   4      719     729     819     829
   1031   8      720     721     730     731     820     821     830     831
   1032   8      721     722     731     732     821     822     831     832
   1033   8      722     723     732     733     822     823     832     833
   1034   8      723     724     733     734     823     824     833     834
   1035   8      724     725     734     735     824     825     834     835
   1036   8      725     726     735     736     825     826     835     836
   1037   8      726     727     736     737     826     827     836     837
   1038   8      727     728     737     738     827     828     837     838
   1039   8      728     729     738     739     828     829     838     839
   1040   4      729     739     829     839
   1041   8      730     731     740     741     830     831     840     841
   1042   8      731     732     741     742     831     832     841     842
   1043   8      732     733     742     743     832     833     842     843
   1044   8      733     734     743     744     833     834     843     844
   1045   8      734     735     744     745     834     835     844     845
   1046   8      735     736     745     746     835     836     845     846
   1047   8      736     737     746     747     836     837     846     847
   1048   8      737     738     747     748     837     838     847     848
   1049   8      738     739     748     749     838     839     848     849
   1050   4      739     749     839     849
   1051   8      740     741     750     751     840     841     850     851
   1052   8      741     742     751     752     841     842     851     852
   1053   8      742     743     752     753     842     843     852     853
   1054   8      743     744     753     754     843     844     853     854
   1055   8      744     745     754     755     844     845     854     855
   1056   8      745     746     755     756     845     846     855     856
   1057   8      746     747     756     757     846     847     856     857
   1058   8      747     748     757     758     847     848     857     858
   1059   8      748     749     758     759     848     849     858     859
   1060   4      749     759     849     859
   1061   8      750     751     760     761     850     851     860     861
   1062   8      751     752     761     762     851     852     861     862
   1063   8      752     753     762     763     852     853     862     863
   1064   8      753     754     763     764     853     854     863     864
   1065   8      754     755     764     765     854     855     864     865
   1066   8      755     756     765     766     855     856     865     866
   1067   8      756     757     766     767     856     857     866     867
   1068   8      757     758     767     768     857     858     867     868
   1069   8      758     759     768     769     858     859     868     869
   1070   4      759     769     859     869
   1071   8      760     761     770     771     860     861     870     871
   1072   8      761     762     771     772     861     862     871     872
   1073   8      762     763     772     773     862     863     872     873
   1074   8      763     764     773     774     863     864     873     874
   1075   8      764     765     774     775     864     865     874     875
   1076   8      765     766     775     776     865     866     875     876
   1077   8      766     767     776     777     866     867     876     877
   1078   8      767     768     777     778     867     868     877     878
   1079   8      768     769     778     779     868     869     878     879
   1080   4      769     779     869     879
   1081   8      770     771     780     781     870     871     880     881
   1082   8      771     772     781     782     871     872     881     882
   1083   8      772     773     782     783     872     873     882     883
   1084   8      773     774     783     784     873     874     883     884
   1085   8      774     775     784     785     874     875     884     885
   1086   8      775     776     785     786     875     876     885     886
   1087   8      776     777     786     787     876     877     886     887
   1088   8      777     778     787     788     877     878     887     888
   1089   8      778     779     788     789     878     879     888     889
   1090   4      779     789     879     889
   1091   8      780     781     790     791     880     881     890     891
   1092   8      781     782     791     792     881     882     891     892
   1093   8      782     783     792     793     882     883     892     893
   1094   8      783     784     793     794     883     884     893     894
   1095   8      784     785     794     795     884     885     894     895
   1096   8      785     786     795     796     885     886     895     896
   1097   8      786     787     796     797     886     887     896     897
   1098   8      787     788     797     798     887     888     897     898
   1099   8      788     789     798     799     888     889     898     899
   1100   4      789     799     889     899
   1101   4      790     791     890     891
   1102   4      791     792     891     892
   1103   4      792     793     892     893
   1104   4      793     794     893     894
   1105   4      794     795     894     895
   1106   4      795     796     895     896
   1107   4      796     797     896     897
   1108   4      797     798     897     898
   1109   4      798     799     898     899
   1110   2      799     899
   1111   4      800     801     900     901
   1112   4      801     802     901     902
   1113   4      802     803     902     903
   1114   4      803     804     903     904
   1115   4      804     805     904     905
   1116   4      805     806     905     906
   1117   4      806     807     906     907
   1118   4      807     808     907     908
   1119   4      808     809     908     909
   1120   2      809     909
   1121   8      800     801     810     811     900     901     910     911
   1122   8      801     802     811     812     901     902     911     912
   1123   8      802     803     812     813     902     903     912     913
   1124   8      803     804     813     814     903     904     913     914
   1125   8      804     805     814     815     904     905     914     915
   1126   8      805     806     815     816     905     906     915     916
   1127   8      806     807     816     817     906     907     916     917
   1128   8      807     808     817     818     907     908     917     918
   1129   8      808     809     818     819     908     909     918     919
   1130   4      809     819     909     919
   1131   8      810     811     820     821     910     911     920     921
   1132   8      811     812     821     822     911     912     921     922
   1133   8      812     813     822     823     912     913     922     923
   1134   8      813     814     823     824     913     914     923     924
   1135   8      814     815     824     825     914     915     924     925
   1136   8      815     816     825     826     915     916     925     926
   1137   8      816     817     826     827     916     917     926     927
   1138   8      817     818     827     828     917     918     927     928
   1139   8      818     819     828     829     918     919     928     929
   1140   4      819     829     919     929
   1141   8      820     821     830     831     920     921     930     931
   1142   8      821     822     831     832     921     922     931     932
   1143   8      822     823     832     833     922     923     932     933
   1144   8      823     824     833     834     923     924     933     934
   1145   8      824     825     834     835     924     925     934     935
   1146   8      825     826     835     836     925     926     935     936
   1147   8      826     827     836     837     926     927     936     937
   1148   8      827     828     837     838     927     928     937     938
   1149   8      828     829     838     839     928     929     938     939
   1150   4      829     839     929     939
   1151   8      830     831     840     841     930     931     940     941
   1152   8      831     832     841     842     931     932     941     942
   1153   8      832     833     842     843     932     933     942     943
   1154   8      833     834     843     844     933     934     943     944
   1155   8      834     835     844     845     934     935     944     945
   1156   8      835     836     845     846     935     936     945     946
   1157   8      836     837     846     847     936     937     946     947
   1158   8      837     838     847     848     937     938     947     948
   1159   8      838     839     848     849     938     939     948     949
   1160   4      839     849     939     949
   1161   8      840     841     850     851     940     941     950     951
   1162   8      841     842     851     852     941     942     951     952
   1163   8      842     843     852     853     942     943     952     953
   1164   8      843     844     853     854     943     944     953     954
   1165   8      844     845     854     855     944     945     954     955
   1166   8      845     846     855     856     945     946     955     956
   1167   8      846     847     856     857     946     947     956     957
   1168   8      847     848     857     858     947     948     957     958
   1169   8      848     849     858     859     948     949     958     959
   1170   4      849     859     949     959
   1171   8      850     851     860     861     950     951     960     961
   1172   8      851     852     861     862     951     952     961     962
   1173   8      852     853     862     863     952     953     962     963
   1174   8      853     854     863     864     953     954     963     964
   1175   8      854     855     864     865     954     955     964     965
   1176   8      855     856     865     866     955     956     965     966
   1177   8      856     857     866     867     956     957     966     967
   1178   8      857     858     867     868     957     958     967     968
   1179   8      858     859     868     869     958     959     968     969
   1180   4      859     869     959     969
   1181   8      860     861     870     871     960     961     970     971
   1182   8      861     862     871     872     961     962     971     972
   1183   8      862     863     872     873     962     963     972     973
   1184   8      863     864     873     874     963     964     973     974
   1185   8      864     865     874     875     964     965     974     975
   1186   8      865     866     875     876     965     966     975     976
   1187   8      866     867     876     877     966     967     976     977
   1188   8      867     868     877     878     967     968     977     978
   1189   8      868     869     878     879     968     969     978     979
   1190   4      869     879     969     979
   1191   8      870     871     880     881     970     971     980     981
   1192   8      871     872     881     882     971     972     981     982
   1193   8      872     873     882     883     972     973     982     983
   1194   8      873     874     883     884     973     974     983     984
   1195   8      874     875     884     885     974     975     984     985
   1196   8      875     876     885     886     975     976     985     986
   1197   8      876     877     886     887     976     977     986     987
   1198   8      877     878     887     888     977     978     987     988
   1199   8      878     879     888     889     978     979     988     989
   1200   4      879     889     979     989
   1201   8      880     881     890     891     980     981     990     991
   1202   8      881     882     891     892     981     982     991     992
   1203   8      882     883     892     893     982     983     992     993
   1204   8      883     884     893     894     983     984     993     994
   1205   8      884     885     894     895     984     985     994     995
   1206   8      885     886     895     896     985     986     995     996
   1207   8      886     887     896     897     986     987     996     997
   1208   8      887     888     897     898     987     988     997     998
   1209   8      888     889     898     899     988     989     998     999
   1210   4      889     899     989     999
   1211   4      890     891     990     991
   1212   4      891     892     991     992
   1213   4      892     893     992     993
   1214   4      893     894     993     994
   1215   4      894     895     994     995
   1216   4      895     896     995     996
   1217   4      896     897     996     997
   1218   4      897     898     997     998
   1219   4      898     899     998     999
   1220   2      899     999
   1221   2      900     901
   1222   2      901     902
   1223   2      902     903
   1224   2      903     904
   1225   2      904     905
   1226   2      905     906
   1227   2      906     907
   1228   2      907     908
   1229   2      908     909
   1230   1      909
   1231   4      900     901     910     911
   1232   4      901     902     911     912
   1233   4      902     903     912     913
   1234   4      903     904     913     914
   1235   4      904     905     914     915
   1236   4      905     906     915     916
   1237   4      906     907     916     917
   1238   4      907     908     917     918
   1239   4      908     909     918     919
   1240   2      909     919
   1241   4      910     911     920     921
   1242   4      911     912     921     922
   1243   4      912     913     922     923
   1244   4      913     914     923     924
   1245   4      914     915     924     925
   1246   4      915     916     925     926
   1247   4      916     917     926     927
   1248   4      917     918     927     928
   1249   4      918     919     928     929
   1250   2      919     929
   1251   4      920     921     930     931
   1252   4      921     922     931     932
   1253   4      922     923     932     933
   1254   4      923     924     933     934
   1255   4      924     925     934     935
   1256   4      925     926     935     936
   1257   4      926     927     936     937
   1258   4      927     928     937     938
   1259   4      928     929     938     939
   1260   2      929     939
   1261   4      930     931     940     941
   1262   4      931     932     941     942
   1263   4      932     933     942     943
   1264   4      933     934     943     944
   1265   4      934     935     944     945
   1266   4      935     936     945     946
   1267   4      936     937     946     947
   1268   4      937     938     947     948
   1269   4      938     939     948     949
   1270   2      939     949
   1271   4      940     941     950     951
   1272   4      941     942     951     952
   1273   4      942     943     952     953
   1274   4      943     944     953     954
   1275   4      944     945     954     955
   1276   4      945     946     955     956
   1277   4      946     947     956     957
   1278   4      947     948     957     958
   1279   4      948     949     958     959
   1280   2      949     959
   1281   4      950     951     960     961
   1282   4      951     952     961     962
   1283   4      952     953     962     963
   1284   4      953     954     963     964
   1285   4      954     955     964     965
   1286   4      955     956     965     966
   1287   4      956     957     966     967
   1288   4      957     958     967     968
   1289   4      958     959     968     969
   1290   2      959     969
   1291   4      960     961     970     971
   1292   4      961     962     971     972
   1293   4      962     963     972     973
   1294   4      963     964     973     974
   1295   4      964     965     974     975
   1296   4      965     966     975     976
   1297   4      966     967     976     977
   1298   4      967     968     977     978
   1299   4      968     969     978     979
   1300   2      969     979
   1301   4      970     971     980     981
   1302   4      971     972     981     982
   1303   4      972     973     982     983
   1304   4      973     974     983     984
   1305   4      974     975     984     985
   1306   4      975     976     985     986
   1307   4      976     977     986     987
   1308   4      977     978     987     988
   1309   4      978     979     988     989
   1310   2      979     989
   1311   4      980     981     990     991
   1312   4      981     982     991     992
   1313   4      982     983     992     993
   1314   4      983     984     993     994
   1315   4      984     985     994     995
   1316   4      985     986     995     996
   1317   4      986     987     996     997
   1318   4      987     988     997     998
   1319   4      988     989     998     999
   1320   2      989     999
   1321   2      990     991
   1322   2      991     992
   1323   2      992     993
   1324   2      993     994
   1325   2      994     995
   1326   2      995     996
   1327   2      996     997
   1328   2      997     998
   1329   2      998     999
   1330   1      999
