N_point  1000
subdomain number / coordinates of center  X Y Z
      0  +5.000000000000000e-002  +9.500000000000000e-001  +5.000000000000000e-002
      1  +5.000000000000000e-002  +9.500000000000000e-001  +1.500000000000000e-001
      2  +5.000000000000000e-002  +9.500000000000000e-001  +2.500000000000001e-001
      3  +5.000000000000000e-002  +9.500000000000000e-001  +3.500000000000001e-001
      4  +5.000000000000000e-002  +9.500000000000000e-001  +4.500000000000000e-001
      5  +5.000000000000000e-002  +9.500000000000000e-001  +5.500000000000000e-001
      6  +5.000000000000000e-002  +9.500000000000000e-001  +6.499999999999999e-001
      7  +5.000000000000000e-002  +9.500000000000000e-001  +7.500000000000000e-001
      8  +5.000000000000000e-002  +9.500000000000000e-001  +8.500000000000001e-001
      9  +5.000000000000000e-002  +9.500000000000000e-001  +9.500000000000000e-001
     10  +1.500000000000000e-001  +9.500000000000001e-001  +5.000000000000000e-002
     11  +1.500000000000000e-001  +9.500000000000001e-001  +1.500000000000000e-001
     12  +1.500000000000000e-001  +9.500000000000001e-001  +2.500000000000001e-001
     13  +1.500000000000000e-001  +9.500000000000001e-001  +3.500000000000001e-001
     14  +1.500000000000000e-001  +9.500000000000001e-001  +4.500000000000000e-001
     15  +1.500000000000000e-001  +9.500000000000001e-001  +5.500000000000000e-001
     16  +1.500000000000000e-001  +9.500000000000001e-001  +6.499999999999999e-001
     17  +1.500000000000000e-001  +9.500000000000001e-001  +7.500000000000000e-001
     18  +1.500000000000000e-001  +9.500000000000001e-001  +8.500000000000001e-001
     19  +1.500000000000000e-001  +9.500000000000001e-001  +9.500000000000000e-001
     20  +2.500000000000001e-001  +9.500000000000002e-001  +5.000000000000000e-002
     21  +2.500000000000001e-001  +9.500000000000002e-001  +1.500000000000000e-001
     22  +2.500000000000001e-001  +9.500000000000002e-001  +2.500000000000001e-001
     23  +2.500000000000001e-001  +9.500000000000002e-001  +3.500000000000001e-001
     24  +2.500000000000001e-001  +9.500000000000002e-001  +4.500000000000000e-001
     25  +2.500000000000001e-001  +9.500000000000002e-001  +5.500000000000000e-001
     26  +2.500000000000001e-001  +9.500000000000002e-001  +6.499999999999999e-001
     27  +2.500000000000001e-001  +9.500000000000002e-001  +7.500000000000000e-001
     28  +2.500000000000001e-001  +9.500000000000002e-001  +8.500000000000001e-001
     29  +2.500000000000001e-001  +9.500000000000002e-001  +9.500000000000000e-001
     30  +3.500000000000001e-001  +9.500000000000002e-001  +5.000000000000000e-002
     31  +3.500000000000001e-001  +9.500000000000002e-001  +1.500000000000000e-001
     32  +3.500000000000001e-001  +9.500000000000002e-001  +2.500000000000001e-001
     33  +3.500000000000001e-001  +9.500000000000002e-001  +3.500000000000001e-001
     34  +3.500000000000001e-001  +9.500000000000002e-001  +4.500000000000000e-001
     35  +3.500000000000001e-001  +9.500000000000002e-001  +5.500000000000000e-001
     36  +3.500000000000001e-001  +9.500000000000002e-001  +6.499999999999999e-001
     37  +3.500000000000001e-001  +9.500000000000002e-001  +7.500000000000000e-001
     38  +3.500000000000001e-001  +9.500000000000002e-001  +8.500000000000001e-001
     39  +3.500000000000001e-001  +9.500000000000002e-001  +9.500000000000000e-001
     40  +4.500000000000000e-001  +9.500000000000001e-001  +5.000000000000000e-002
     41  +4.500000000000000e-001  +9.500000000000001e-001  +1.500000000000000e-001
     42  +4.500000000000000e-001  +9.500000000000001e-001  +2.500000000000001e-001
     43  +4.500000000000000e-001  +9.500000000000001e-001  +3.500000000000001e-001
     44  +4.500000000000000e-001  +9.500000000000001e-001  +4.500000000000000e-001
     45  +4.500000000000000e-001  +9.500000000000001e-001  +5.500000000000000e-001
     46  +4.500000000000000e-001  +9.500000000000001e-001  +6.499999999999999e-001
     47  +4.500000000000000e-001  +9.500000000000001e-001  +7.500000000000000e-001
     48  +4.500000000000000e-001  +9.500000000000001e-001  +8.500000000000001e-001
     49  +4.500000000000000e-001  +9.500000000000001e-001  +9.500000000000000e-001
     50  +5.500000000000000e-001  +9.500000000000001e-001  +5.000000000000000e-002
     51  +5.500000000000000e-001  +9.500000000000001e-001  +1.500000000000000e-001
     52  +5.500000000000000e-001  +9.500000000000001e-001  +2.500000000000001e-001
     53  +5.500000000000000e-001  +9.500000000000001e-001  +3.500000000000001e-001
     54  +5.500000000000000e-001  +9.500000000000001e-001  +4.500000000000000e-001
     55  +5.500000000000000e-001  +9.500000000000001e-001  +5.500000000000000e-001
     56  +5.500000000000000e-001  +9.500000000000001e-001  +6.499999999999999e-001
     57  +5.500000000000000e-001  +9.500000000000001e-001  +7.500000000000000e-001
     58  +5.500000000000000e-001  +9.500000000000001e-001  +8.500000000000001e-001
     59  +5.500000000000000e-001  +9.500000000000001e-001  +9.500000000000000e-001
     60  +6.499999999999999e-001  +9.500000000000002e-001  +5.000000000000000e-002
     61  +6.499999999999999e-001  +9.500000000000002e-001  +1.500000000000000e-001
     62  +6.499999999999999e-001  +9.500000000000002e-001  +2.500000000000001e-001
     63  +6.499999999999999e-001  +9.500000000000002e-001  +3.500000000000001e-001
     64  +6.499999999999999e-001  +9.500000000000002e-001  +4.500000000000000e-001
     65  +6.499999999999999e-001  +9.500000000000002e-001  +5.500000000000000e-001
     66  +6.499999999999999e-001  +9.500000000000002e-001  +6.499999999999999e-001
     67  +6.499999999999999e-001  +9.500000000000002e-001  +7.500000000000000e-001
     68  +6.499999999999999e-001  +9.500000000000002e-001  +8.500000000000001e-001
     69  +6.499999999999999e-001  +9.500000000000002e-001  +9.500000000000000e-001
     70  +7.500000000000000e-001  +9.500000000000001e-001  +5.000000000000000e-002
     71  +7.500000000000000e-001  +9.500000000000001e-001  +1.500000000000000e-001
     72  +7.500000000000000e-001  +9.500000000000001e-001  +2.500000000000001e-001
     73  +7.500000000000000e-001  +9.500000000000001e-001  +3.500000000000001e-001
     74  +7.500000000000000e-001  +9.500000000000001e-001  +4.500000000000000e-001
     75  +7.500000000000000e-001  +9.500000000000001e-001  +5.500000000000000e-001
     76  +7.500000000000000e-001  +9.500000000000001e-001  +6.499999999999999e-001
     77  +7.500000000000000e-001  +9.500000000000001e-001  +7.500000000000000e-001
     78  +7.500000000000000e-001  +9.500000000000001e-001  +8.500000000000001e-001
     79  +7.500000000000000e-001  +9.500000000000001e-001  +9.500000000000000e-001
     80  +8.500000000000001e-001  +9.500000000000000e-001  +5.000000000000000e-002
     81  +8.500000000000001e-001  +9.500000000000000e-001  +1.500000000000000e-001
     82  +8.500000000000001e-001  +9.500000000000000e-001  +2.500000000000001e-001
     83  +8.500000000000001e-001  +9.500000000000000e-001  +3.500000000000001e-001
     84  +8.500000000000001e-001  +9.500000000000000e-001  +4.500000000000000e-001
     85  +8.500000000000001e-001  +9.500000000000000e-001  +5.500000000000000e-001
     86  +8.500000000000001e-001  +9.500000000000000e-001  +6.499999999999999e-001
     87  +8.500000000000001e-001  +9.500000000000000e-001  +7.500000000000000e-001
     88  +8.500000000000001e-001  +9.500000000000000e-001  +8.500000000000001e-001
     89  +8.500000000000001e-001  +9.500000000000000e-001  +9.500000000000000e-001
     90  +9.500000000000000e-001  +9.500000000000000e-001  +5.000000000000000e-002
     91  +9.500000000000000e-001  +9.500000000000000e-001  +1.500000000000000e-001
     92  +9.500000000000000e-001  +9.500000000000000e-001  +2.500000000000001e-001
     93  +9.500000000000000e-001  +9.500000000000000e-001  +3.500000000000001e-001
     94  +9.500000000000000e-001  +9.500000000000000e-001  +4.500000000000000e-001
     95  +9.500000000000000e-001  +9.500000000000000e-001  +5.500000000000000e-001
     96  +9.500000000000000e-001  +9.500000000000000e-001  +6.499999999999999e-001
     97  +9.500000000000000e-001  +9.500000000000000e-001  +7.500000000000000e-001
     98  +9.500000000000000e-001  +9.500000000000000e-001  +8.500000000000001e-001
     99  +9.500000000000000e-001  +9.500000000000000e-001  +9.500000000000000e-001
    100  +5.000000000000000e-002  +8.500000000000001e-001  +5.000000000000000e-002
    101  +5.000000000000000e-002  +8.500000000000001e-001  +1.500000000000000e-001
    102  +5.000000000000000e-002  +8.500000000000001e-001  +2.500000000000001e-001
    103  +5.000000000000000e-002  +8.500000000000001e-001  +3.500000000000001e-001
    104  +5.000000000000000e-002  +8.500000000000001e-001  +4.500000000000000e-001
    105  +5.000000000000000e-002  +8.500000000000001e-001  +5.500000000000000e-001
    106  +5.000000000000000e-002  +8.500000000000001e-001  +6.499999999999999e-001
    107  +5.000000000000000e-002  +8.500000000000001e-001  +7.500000000000000e-001
    108  +5.000000000000000e-002  +8.500000000000001e-001  +8.500000000000001e-001
    109  +5.000000000000000e-002  +8.500000000000001e-001  +9.500000000000000e-001
    110  +1.500000000000000e-001  +8.500000000000001e-001  +5.000000000000000e-002
    111  +1.500000000000000e-001  +8.500000000000001e-001  +1.500000000000000e-001
    112  +1.500000000000000e-001  +8.500000000000001e-001  +2.500000000000001e-001
    113  +1.500000000000000e-001  +8.500000000000001e-001  +3.500000000000001e-001
    114  +1.500000000000000e-001  +8.500000000000001e-001  +4.500000000000000e-001
    115  +1.500000000000000e-001  +8.500000000000001e-001  +5.500000000000000e-001
    116  +1.500000000000000e-001  +8.500000000000001e-001  +6.499999999999999e-001
    117  +1.500000000000000e-001  +8.500000000000001e-001  +7.500000000000000e-001
    118  +1.500000000000000e-001  +8.500000000000001e-001  +8.500000000000001e-001
    119  +1.500000000000000e-001  +8.500000000000001e-001  +9.500000000000000e-001
    120  +2.500000000000001e-001  +8.500000000000002e-001  +5.000000000000000e-002
    121  +2.500000000000001e-001  +8.500000000000002e-001  +1.500000000000000e-001
    122  +2.500000000000001e-001  +8.500000000000002e-001  +2.500000000000001e-001
    123  +2.500000000000001e-001  +8.500000000000002e-001  +3.500000000000001e-001
    124  +2.500000000000001e-001  +8.500000000000002e-001  +4.500000000000000e-001
    125  +2.500000000000001e-001  +8.500000000000002e-001  +5.500000000000000e-001
    126  +2.500000000000001e-001  +8.500000000000002e-001  +6.499999999999999e-001
    127  +2.500000000000001e-001  +8.500000000000002e-001  +7.500000000000000e-001
    128  +2.500000000000001e-001  +8.500000000000002e-001  +8.500000000000001e-001
    129  +2.500000000000001e-001  +8.500000000000002e-001  +9.500000000000000e-001
    130  +3.500000000000001e-001  +8.500000000000001e-001  +5.000000000000000e-002
    131  +3.500000000000001e-001  +8.500000000000001e-001  +1.500000000000000e-001
    132  +3.500000000000001e-001  +8.500000000000001e-001  +2.500000000000001e-001
    133  +3.500000000000001e-001  +8.500000000000001e-001  +3.500000000000001e-001
    134  +3.500000000000001e-001  +8.500000000000001e-001  +4.500000000000000e-001
    135  +3.500000000000001e-001  +8.500000000000001e-001  +5.500000000000000e-001
    136  +3.500000000000001e-001  +8.500000000000001e-001  +6.499999999999999e-001
    137  +3.500000000000001e-001  +8.500000000000001e-001  +7.500000000000000e-001
    138  +3.500000000000001e-001  +8.500000000000001e-001  +8.500000000000001e-001
    139  +3.500000000000001e-001  +8.500000000000001e-001  +9.500000000000000e-001
    140  +4.500000000000000e-001  +8.500000000000001e-001  +5.000000000000000e-002
    141  +4.500000000000000e-001  +8.500000000000001e-001  +1.500000000000000e-001
    142  +4.500000000000000e-001  +8.500000000000001e-001  +2.500000000000001e-001
    143  +4.500000000000000e-001  +8.500000000000001e-001  +3.500000000000001e-001
    144  +4.500000000000000e-001  +8.500000000000001e-001  +4.500000000000000e-001
    145  +4.500000000000000e-001  +8.500000000000001e-001  +5.500000000000000e-001
    146  +4.500000000000000e-001  +8.500000000000001e-001  +6.499999999999999e-001
    147  +4.500000000000000e-001  +8.500000000000001e-001  +7.500000000000000e-001
    148  +4.500000000000000e-001  +8.500000000000001e-001  +8.500000000000001e-001
    149  +4.500000000000000e-001  +8.500000000000001e-001  +9.500000000000000e-001
    150  +5.500000000000000e-001  +8.500000000000001e-001  +5.000000000000000e-002
    151  +5.500000000000000e-001  +8.500000000000001e-001  +1.500000000000000e-001
    152  +5.500000000000000e-001  +8.500000000000001e-001  +2.500000000000001e-001
    153  +5.500000000000000e-001  +8.500000000000001e-001  +3.500000000000001e-001
    154  +5.500000000000000e-001  +8.500000000000001e-001  +4.500000000000000e-001
    155  +5.500000000000000e-001  +8.500000000000001e-001  +5.500000000000000e-001
    156  +5.500000000000000e-001  +8.500000000000001e-001  +6.499999999999999e-001
    157  +5.500000000000000e-001  +8.500000000000001e-001  +7.500000000000000e-001
    158  +5.500000000000000e-001  +8.500000000000001e-001  +8.500000000000001e-001
    159  +5.500000000000000e-001  +8.500000000000001e-001  +9.500000000000000e-001
    160  +6.499999999999999e-001  +8.500000000000001e-001  +5.000000000000000e-002
    161  +6.499999999999999e-001  +8.500000000000001e-001  +1.500000000000000e-001
    162  +6.499999999999999e-001  +8.500000000000001e-001  +2.500000000000001e-001
    163  +6.499999999999999e-001  +8.500000000000001e-001  +3.500000000000001e-001
    164  +6.499999999999999e-001  +8.500000000000001e-001  +4.500000000000000e-001
    165  +6.499999999999999e-001  +8.500000000000001e-001  +5.500000000000000e-001
    166  +6.499999999999999e-001  +8.500000000000001e-001  +6.499999999999999e-001
    167  +6.499999999999999e-001  +8.500000000000001e-001  +7.500000000000000e-001
    168  +6.499999999999999e-001  +8.500000000000001e-001  +8.500000000000001e-001
    169  +6.499999999999999e-001  +8.500000000000001e-001  +9.500000000000000e-001
    170  +7.500000000000000e-001  +8.500000000000001e-001  +5.000000000000000e-002
    171  +7.500000000000000e-001  +8.500000000000001e-001  +1.500000000000000e-001
    172  +7.500000000000000e-001  +8.500000000000001e-001  +2.500000000000001e-001
    173  +7.500000000000000e-001  +8.500000000000001e-001  +3.500000000000001e-001
    174  +7.500000000000000e-001  +8.500000000000001e-001  +4.500000000000000e-001
    175  +7.500000000000000e-001  +8.500000000000001e-001  +5.500000000000000e-001
    176  +7.500000000000000e-001  +8.500000000000001e-001  +6.499999999999999e-001
    177  +7.500000000000000e-001  +8.500000000000001e-001  +7.500000000000000e-001
    178  +7.500000000000000e-001  +8.500000000000001e-001  +8.500000000000001e-001
    179  +7.500000000000000e-001  +8.500000000000001e-001  +9.500000000000000e-001
    180  +8.500000000000001e-001  +8.500000000000001e-001  +5.000000000000000e-002
    181  +8.500000000000001e-001  +8.500000000000001e-001  +1.500000000000000e-001
    182  +8.500000000000001e-001  +8.500000000000001e-001  +2.500000000000001e-001
    183  +8.500000000000001e-001  +8.500000000000001e-001  +3.500000000000001e-001
    184  +8.500000000000001e-001  +8.500000000000001e-001  +4.500000000000000e-001
    185  +8.500000000000001e-001  +8.500000000000001e-001  +5.500000000000000e-001
    186  +8.500000000000001e-001  +8.500000000000001e-001  +6.499999999999999e-001
    187  +8.500000000000001e-001  +8.500000000000001e-001  +7.500000000000000e-001
    188  +8.500000000000001e-001  +8.500000000000001e-001  +8.500000000000001e-001
    189  +8.500000000000001e-001  +8.500000000000001e-001  +9.500000000000000e-001
    190  +9.500000000000000e-001  +8.500000000000001e-001  +5.000000000000000e-002
    191  +9.500000000000000e-001  +8.500000000000001e-001  +1.500000000000000e-001
    192  +9.500000000000000e-001  +8.500000000000001e-001  +2.500000000000001e-001
    193  +9.500000000000000e-001  +8.500000000000001e-001  +3.500000000000001e-001
    194  +9.500000000000000e-001  +8.500000000000001e-001  +4.500000000000000e-001
    195  +9.500000000000000e-001  +8.500000000000001e-001  +5.500000000000000e-001
    196  +9.500000000000000e-001  +8.500000000000001e-001  +6.499999999999999e-001
    197  +9.500000000000000e-001  +8.500000000000001e-001  +7.500000000000000e-001
    198  +9.500000000000000e-001  +8.500000000000001e-001  +8.500000000000001e-001
    199  +9.500000000000000e-001  +8.500000000000001e-001  +9.500000000000000e-001
    200  +5.000000000000000e-002  +7.500000000000000e-001  +5.000000000000000e-002
    201  +5.000000000000000e-002  +7.500000000000000e-001  +1.500000000000000e-001
    202  +5.000000000000000e-002  +7.500000000000000e-001  +2.500000000000001e-001
    203  +5.000000000000000e-002  +7.500000000000000e-001  +3.500000000000001e-001
    204  +5.000000000000000e-002  +7.500000000000000e-001  +4.500000000000000e-001
    205  +5.000000000000000e-002  +7.500000000000000e-001  +5.500000000000000e-001
    206  +5.000000000000000e-002  +7.500000000000000e-001  +6.499999999999999e-001
    207  +5.000000000000000e-002  +7.500000000000000e-001  +7.500000000000000e-001
    208  +5.000000000000000e-002  +7.500000000000000e-001  +8.500000000000001e-001
    209  +5.000000000000000e-002  +7.500000000000000e-001  +9.500000000000000e-001
    210  +1.500000000000000e-001  +7.500000000000000e-001  +5.000000000000000e-002
    211  +1.500000000000000e-001  +7.500000000000000e-001  +1.500000000000000e-001
    212  +1.500000000000000e-001  +7.500000000000000e-001  +2.500000000000001e-001
    213  +1.500000000000000e-001  +7.500000000000000e-001  +3.500000000000001e-001
    214  +1.500000000000000e-001  +7.500000000000000e-001  +4.500000000000000e-001
    215  +1.500000000000000e-001  +7.500000000000000e-001  +5.500000000000000e-001
    216  +1.500000000000000e-001  +7.500000000000000e-001  +6.499999999999999e-001
    217  +1.500000000000000e-001  +7.500000000000000e-001  +7.500000000000000e-001
    218  +1.500000000000000e-001  +7.500000000000000e-001  +8.500000000000001e-001
    219  +1.500000000000000e-001  +7.500000000000000e-001  +9.500000000000000e-001
    220  +2.500000000000001e-001  +7.500000000000000e-001  +5.000000000000000e-002
    221  +2.500000000000001e-001  +7.500000000000000e-001  +1.500000000000000e-001
    222  +2.500000000000001e-001  +7.500000000000000e-001  +2.500000000000001e-001
    223  +2.500000000000001e-001  +7.500000000000000e-001  +3.500000000000001e-001
    224  +2.500000000000001e-001  +7.500000000000000e-001  +4.500000000000000e-001
    225  +2.500000000000001e-001  +7.500000000000000e-001  +5.500000000000000e-001
    226  +2.500000000000001e-001  +7.500000000000000e-001  +6.499999999999999e-001
    227  +2.500000000000001e-001  +7.500000000000000e-001  +7.500000000000000e-001
    228  +2.500000000000001e-001  +7.500000000000000e-001  +8.500000000000001e-001
    229  +2.500000000000001e-001  +7.500000000000000e-001  +9.500000000000000e-001
    230  +3.500000000000001e-001  +7.500000000000000e-001  +5.000000000000000e-002
    231  +3.500000000000001e-001  +7.500000000000000e-001  +1.500000000000000e-001
    232  +3.500000000000001e-001  +7.500000000000000e-001  +2.500000000000001e-001
    233  +3.500000000000001e-001  +7.500000000000000e-001  +3.500000000000001e-001
    234  +3.500000000000001e-001  +7.500000000000000e-001  +4.500000000000000e-001
    235  +3.500000000000001e-001  +7.500000000000000e-001  +5.500000000000000e-001
    236  +3.500000000000001e-001  +7.500000000000000e-001  +6.499999999999999e-001
    237  +3.500000000000001e-001  +7.500000000000000e-001  +7.500000000000000e-001
    238  +3.500000000000001e-001  +7.500000000000000e-001  +8.500000000000001e-001
    239  +3.500000000000001e-001  +7.500000000000000e-001  +9.500000000000000e-001
    240  +4.500000000000000e-001  +7.500000000000000e-001  +5.000000000000000e-002
    241  +4.500000000000000e-001  +7.500000000000000e-001  +1.500000000000000e-001
    242  +4.500000000000000e-001  +7.500000000000000e-001  +2.500000000000001e-001
    243  +4.500000000000000e-001  +7.500000000000000e-001  +3.500000000000001e-001
    244  +4.500000000000000e-001  +7.500000000000000e-001  +4.500000000000000e-001
    245  +4.500000000000000e-001  +7.500000000000000e-001  +5.500000000000000e-001
    246  +4.500000000000000e-001  +7.500000000000000e-001  +6.499999999999999e-001
    247  +4.500000000000000e-001  +7.500000000000000e-001  +7.500000000000000e-001
    248  +4.500000000000000e-001  +7.500000000000000e-001  +8.500000000000001e-001
    249  +4.500000000000000e-001  +7.500000000000000e-001  +9.500000000000000e-001
    250  +5.500000000000000e-001  +7.500000000000000e-001  +5.000000000000000e-002
    251  +5.500000000000000e-001  +7.500000000000000e-001  +1.500000000000000e-001
    252  +5.500000000000000e-001  +7.500000000000000e-001  +2.500000000000001e-001
    253  +5.500000000000000e-001  +7.500000000000000e-001  +3.500000000000001e-001
    254  +5.500000000000000e-001  +7.500000000000000e-001  +4.500000000000000e-001
    255  +5.500000000000000e-001  +7.500000000000000e-001  +5.500000000000000e-001
    256  +5.500000000000000e-001  +7.500000000000000e-001  +6.499999999999999e-001
    257  +5.500000000000000e-001  +7.500000000000000e-001  +7.500000000000000e-001
    258  +5.500000000000000e-001  +7.500000000000000e-001  +8.500000000000001e-001
    259  +5.500000000000000e-001  +7.500000000000000e-001  +9.500000000000000e-001
    260  +6.499999999999999e-001  +7.500000000000000e-001  +5.000000000000000e-002
    261  +6.499999999999999e-001  +7.500000000000000e-001  +1.500000000000000e-001
    262  +6.499999999999999e-001  +7.500000000000000e-001  +2.500000000000001e-001
    263  +6.499999999999999e-001  +7.500000000000000e-001  +3.500000000000001e-001
    264  +6.499999999999999e-001  +7.500000000000000e-001  +4.500000000000000e-001
    265  +6.499999999999999e-001  +7.500000000000000e-001  +5.500000000000000e-001
    266  +6.499999999999999e-001  +7.500000000000000e-001  +6.499999999999999e-001
    267  +6.499999999999999e-001  +7.500000000000000e-001  +7.500000000000000e-001
    268  +6.499999999999999e-001  +7.500000000000000e-001  +8.500000000000001e-001
    269  +6.499999999999999e-001  +7.500000000000000e-001  +9.500000000000000e-001
    270  +7.500000000000000e-001  +7.500000000000000e-001  +5.000000000000000e-002
    271  +7.500000000000000e-001  +7.500000000000000e-001  +1.500000000000000e-001
    272  +7.500000000000000e-001  +7.500000000000000e-001  +2.500000000000001e-001
    273  +7.500000000000000e-001  +7.500000000000000e-001  +3.500000000000001e-001
    274  +7.500000000000000e-001  +7.500000000000000e-001  +4.500000000000000e-001
    275  +7.500000000000000e-001  +7.500000000000000e-001  +5.500000000000000e-001
    276  +7.500000000000000e-001  +7.500000000000000e-001  +6.499999999999999e-001
    277  +7.500000000000000e-001  +7.500000000000000e-001  +7.500000000000000e-001
    278  +7.500000000000000e-001  +7.500000000000000e-001  +8.500000000000001e-001
    279  +7.500000000000000e-001  +7.500000000000000e-001  +9.500000000000000e-001
    280  +8.500000000000001e-001  +7.500000000000000e-001  +5.000000000000000e-002
    281  +8.500000000000001e-001  +7.500000000000000e-001  +1.500000000000000e-001
    282  +8.500000000000001e-001  +7.500000000000000e-001  +2.500000000000001e-001
    283  +8.500000000000001e-001  +7.500000000000000e-001  +3.500000000000001e-001
    284  +8.500000000000001e-001  +7.500000000000000e-001  +4.500000000000000e-001
    285  +8.500000000000001e-001  +7.500000000000000e-001  +5.500000000000000e-001
    286  +8.500000000000001e-001  +7.500000000000000e-001  +6.499999999999999e-001
    287  +8.500000000000001e-001  +7.500000000000000e-001  +7.500000000000000e-001
    288  +8.500000000000001e-001  +7.500000000000000e-001  +8.500000000000001e-001
    289  +8.500000000000001e-001  +7.500000000000000e-001  +9.500000000000000e-001
    290  +9.500000000000000e-001  +7.500000000000000e-001  +5.000000000000000e-002
    291  +9.500000000000000e-001  +7.500000000000000e-001  +1.500000000000000e-001
    292  +9.500000000000000e-001  +7.500000000000000e-001  +2.500000000000001e-001
    293  +9.500000000000000e-001  +7.500000000000000e-001  +3.500000000000001e-001
    294  +9.500000000000000e-001  +7.500000000000000e-001  +4.500000000000000e-001
    295  +9.500000000000000e-001  +7.500000000000000e-001  +5.500000000000000e-001
    296  +9.500000000000000e-001  +7.500000000000000e-001  +6.499999999999999e-001
    297  +9.500000000000000e-001  +7.500000000000000e-001  +7.500000000000000e-001
    298  +9.500000000000000e-001  +7.500000000000000e-001  +8.500000000000001e-001
    299  +9.500000000000000e-001  +7.500000000000000e-001  +9.500000000000000e-001
    300  +5.000000000000000e-002  +6.499999999999999e-001  +5.000000000000000e-002
    301  +5.000000000000000e-002  +6.499999999999999e-001  +1.500000000000000e-001
    302  +5.000000000000000e-002  +6.499999999999999e-001  +2.500000000000001e-001
    303  +5.000000000000000e-002  +6.499999999999999e-001  +3.500000000000001e-001
    304  +5.000000000000000e-002  +6.499999999999999e-001  +4.500000000000000e-001
    305  +5.000000000000000e-002  +6.499999999999999e-001  +5.500000000000000e-001
    306  +5.000000000000000e-002  +6.499999999999999e-001  +6.499999999999999e-001
    307  +5.000000000000000e-002  +6.499999999999999e-001  +7.500000000000000e-001
    308  +5.000000000000000e-002  +6.499999999999999e-001  +8.500000000000001e-001
    309  +5.000000000000000e-002  +6.499999999999999e-001  +9.500000000000000e-001
    310  +1.500000000000000e-001  +6.499999999999999e-001  +5.000000000000000e-002
    311  +1.500000000000000e-001  +6.499999999999999e-001  +1.500000000000000e-001
    312  +1.500000000000000e-001  +6.499999999999999e-001  +2.500000000000001e-001
    313  +1.500000000000000e-001  +6.499999999999999e-001  +3.500000000000001e-001
    314  +1.500000000000000e-001  +6.499999999999999e-001  +4.500000000000000e-001
    315  +1.500000000000000e-001  +6.499999999999999e-001  +5.500000000000000e-001
    316  +1.500000000000000e-001  +6.499999999999999e-001  +6.499999999999999e-001
    317  +1.500000000000000e-001  +6.499999999999999e-001  +7.500000000000000e-001
    318  +1.500000000000000e-001  +6.499999999999999e-001  +8.500000000000001e-001
    319  +1.500000000000000e-001  +6.499999999999999e-001  +9.500000000000000e-001
    320  +2.500000000000001e-001  +6.499999999999999e-001  +5.000000000000000e-002
    321  +2.500000000000001e-001  +6.499999999999999e-001  +1.500000000000000e-001
    322  +2.500000000000001e-001  +6.499999999999999e-001  +2.500000000000001e-001
    323  +2.500000000000001e-001  +6.499999999999999e-001  +3.500000000000001e-001
    324  +2.500000000000001e-001  +6.499999999999999e-001  +4.500000000000000e-001
    325  +2.500000000000001e-001  +6.499999999999999e-001  +5.500000000000000e-001
    326  +2.500000000000001e-001  +6.499999999999999e-001  +6.499999999999999e-001
    327  +2.500000000000001e-001  +6.499999999999999e-001  +7.500000000000000e-001
    328  +2.500000000000001e-001  +6.499999999999999e-001  +8.500000000000001e-001
    329  +2.500000000000001e-001  +6.499999999999999e-001  +9.500000000000000e-001
    330  +3.500000000000001e-001  +6.499999999999999e-001  +5.000000000000000e-002
    331  +3.500000000000001e-001  +6.499999999999999e-001  +1.500000000000000e-001
    332  +3.500000000000001e-001  +6.499999999999999e-001  +2.500000000000001e-001
    333  +3.500000000000001e-001  +6.499999999999999e-001  +3.500000000000001e-001
    334  +3.500000000000001e-001  +6.499999999999999e-001  +4.500000000000000e-001
    335  +3.500000000000001e-001  +6.499999999999999e-001  +5.500000000000000e-001
    336  +3.500000000000001e-001  +6.499999999999999e-001  +6.499999999999999e-001
    337  +3.500000000000001e-001  +6.499999999999999e-001  +7.500000000000000e-001
    338  +3.500000000000001e-001  +6.499999999999999e-001  +8.500000000000001e-001
    339  +3.500000000000001e-001  +6.499999999999999e-001  +9.500000000000000e-001
    340  +4.500000000000000e-001  +6.499999999999999e-001  +5.000000000000000e-002
    341  +4.500000000000000e-001  +6.499999999999999e-001  +1.500000000000000e-001
    342  +4.500000000000000e-001  +6.499999999999999e-001  +2.500000000000001e-001
    343  +4.500000000000000e-001  +6.499999999999999e-001  +3.500000000000001e-001
    344  +4.500000000000000e-001  +6.499999999999999e-001  +4.500000000000000e-001
    345  +4.500000000000000e-001  +6.499999999999999e-001  +5.500000000000000e-001
    346  +4.500000000000000e-001  +6.499999999999999e-001  +6.499999999999999e-001
    347  +4.500000000000000e-001  +6.499999999999999e-001  +7.500000000000000e-001
    348  +4.500000000000000e-001  +6.499999999999999e-001  +8.500000000000001e-001
    349  +4.500000000000000e-001  +6.499999999999999e-001  +9.500000000000000e-001
    350  +5.500000000000000e-001  +6.499999999999999e-001  +5.000000000000000e-002
    351  +5.500000000000000e-001  +6.499999999999999e-001  +1.500000000000000e-001
    352  +5.500000000000000e-001  +6.499999999999999e-001  +2.500000000000001e-001
    353  +5.500000000000000e-001  +6.499999999999999e-001  +3.500000000000001e-001
    354  +5.500000000000000e-001  +6.499999999999999e-001  +4.500000000000000e-001
    355  +5.500000000000000e-001  +6.499999999999999e-001  +5.500000000000000e-001
    356  +5.500000000000000e-001  +6.499999999999999e-001  +6.499999999999999e-001
    357  +5.500000000000000e-001  +6.499999999999999e-001  +7.500000000000000e-001
    358  +5.500000000000000e-001  +6.499999999999999e-001  +8.500000000000001e-001
    359  +5.500000000000000e-001  +6.499999999999999e-001  +9.500000000000000e-001
    360  +6.499999999999999e-001  +6.499999999999999e-001  +5.000000000000000e-002
    361  +6.499999999999999e-001  +6.499999999999999e-001  +1.500000000000000e-001
    362  +6.499999999999999e-001  +6.499999999999999e-001  +2.500000000000001e-001
    363  +6.499999999999999e-001  +6.499999999999999e-001  +3.500000000000001e-001
    364  +6.499999999999999e-001  +6.499999999999999e-001  +4.500000000000000e-001
    365  +6.499999999999999e-001  +6.499999999999999e-001  +5.500000000000000e-001
    366  +6.499999999999999e-001  +6.499999999999999e-001  +6.499999999999999e-001
    367  +6.499999999999999e-001  +6.499999999999999e-001  +7.500000000000000e-001
    368  +6.499999999999999e-001  +6.499999999999999e-001  +8.500000000000001e-001
    369  +6.499999999999999e-001  +6.499999999999999e-001  +9.500000000000000e-001
    370  +7.500000000000000e-001  +6.499999999999999e-001  +5.000000000000000e-002
    371  +7.500000000000000e-001  +6.499999999999999e-001  +1.500000000000000e-001
    372  +7.500000000000000e-001  +6.499999999999999e-001  +2.500000000000001e-001
    373  +7.500000000000000e-001  +6.499999999999999e-001  +3.500000000000001e-001
    374  +7.500000000000000e-001  +6.499999999999999e-001  +4.500000000000000e-001
    375  +7.500000000000000e-001  +6.499999999999999e-001  +5.500000000000000e-001
    376  +7.500000000000000e-001  +6.499999999999999e-001  +6.499999999999999e-001
    377  +7.500000000000000e-001  +6.499999999999999e-001  +7.500000000000000e-001
    378  +7.500000000000000e-001  +6.499999999999999e-001  +8.500000000000001e-001
    379  +7.500000000000000e-001  +6.499999999999999e-001  +9.500000000000000e-001
    380  +8.500000000000001e-001  +6.499999999999999e-001  +5.000000000000000e-002
    381  +8.500000000000001e-001  +6.499999999999999e-001  +1.500000000000000e-001
    382  +8.500000000000001e-001  +6.499999999999999e-001  +2.500000000000001e-001
    383  +8.500000000000001e-001  +6.499999999999999e-001  +3.500000000000001e-001
    384  +8.500000000000001e-001  +6.499999999999999e-001  +4.500000000000000e-001
    385  +8.500000000000001e-001  +6.499999999999999e-001  +5.500000000000000e-001
    386  +8.500000000000001e-001  +6.499999999999999e-001  +6.499999999999999e-001
    387  +8.500000000000001e-001  +6.499999999999999e-001  +7.500000000000000e-001
    388  +8.500000000000001e-001  +6.499999999999999e-001  +8.500000000000001e-001
    389  +8.500000000000001e-001  +6.499999999999999e-001  +9.500000000000000e-001
    390  +9.500000000000000e-001  +6.499999999999999e-001  +5.000000000000000e-002
    391  +9.500000000000000e-001  +6.499999999999999e-001  +1.500000000000000e-001
    392  +9.500000000000000e-001  +6.499999999999999e-001  +2.500000000000001e-001
    393  +9.500000000000000e-001  +6.499999999999999e-001  +3.500000000000001e-001
    394  +9.500000000000000e-001  +6.499999999999999e-001  +4.500000000000000e-001
    395  +9.500000000000000e-001  +6.499999999999999e-001  +5.500000000000000e-001
    396  +9.500000000000000e-001  +6.499999999999999e-001  +6.499999999999999e-001
    397  +9.500000000000000e-001  +6.499999999999999e-001  +7.500000000000000e-001
    398  +9.500000000000000e-001  +6.499999999999999e-001  +8.500000000000001e-001
    399  +9.500000000000000e-001  +6.499999999999999e-001  +9.500000000000000e-001
    400  +5.000000000000000e-002  +5.500000000000000e-001  +5.000000000000000e-002
    401  +5.000000000000000e-002  +5.500000000000000e-001  +1.500000000000000e-001
    402  +5.000000000000000e-002  +5.500000000000000e-001  +2.500000000000001e-001
    403  +5.000000000000000e-002  +5.500000000000000e-001  +3.500000000000001e-001
    404  +5.000000000000000e-002  +5.500000000000000e-001  +4.500000000000000e-001
    405  +5.000000000000000e-002  +5.500000000000000e-001  +5.500000000000000e-001
    406  +5.000000000000000e-002  +5.500000000000000e-001  +6.499999999999999e-001
    407  +5.000000000000000e-002  +5.500000000000000e-001  +7.500000000000000e-001
    408  +5.000000000000000e-002  +5.500000000000000e-001  +8.500000000000001e-001
    409  +5.000000000000000e-002  +5.500000000000000e-001  +9.500000000000000e-001
    410  +1.500000000000000e-001  +5.500000000000000e-001  +5.000000000000000e-002
    411  +1.500000000000000e-001  +5.500000000000000e-001  +1.500000000000000e-001
    412  +1.500000000000000e-001  +5.500000000000000e-001  +2.500000000000001e-001
    413  +1.500000000000000e-001  +5.500000000000000e-001  +3.500000000000001e-001
    414  +1.500000000000000e-001  +5.500000000000000e-001  +4.500000000000000e-001
    415  +1.500000000000000e-001  +5.500000000000000e-001  +5.500000000000000e-001
    416  +1.500000000000000e-001  +5.500000000000000e-001  +6.499999999999999e-001
    417  +1.500000000000000e-001  +5.500000000000000e-001  +7.500000000000000e-001
    418  +1.500000000000000e-001  +5.500000000000000e-001  +8.500000000000001e-001
    419  +1.500000000000000e-001  +5.500000000000000e-001  +9.500000000000000e-001
    420  +2.500000000000001e-001  +5.500000000000000e-001  +5.000000000000000e-002
    421  +2.500000000000001e-001  +5.500000000000000e-001  +1.500000000000000e-001
    422  +2.500000000000001e-001  +5.500000000000000e-001  +2.500000000000001e-001
    423  +2.500000000000001e-001  +5.500000000000000e-001  +3.500000000000001e-001
    424  +2.500000000000001e-001  +5.500000000000000e-001  +4.500000000000000e-001
    425  +2.500000000000001e-001  +5.500000000000000e-001  +5.500000000000000e-001
    426  +2.500000000000001e-001  +5.500000000000000e-001  +6.499999999999999e-001
    427  +2.500000000000001e-001  +5.500000000000000e-001  +7.500000000000000e-001
    428  +2.500000000000001e-001  +5.500000000000000e-001  +8.500000000000001e-001
    429  +2.500000000000001e-001  +5.500000000000000e-001  +9.500000000000000e-001
    430  +3.500000000000001e-001  +5.500000000000000e-001  +5.000000000000000e-002
    431  +3.500000000000001e-001  +5.500000000000000e-001  +1.500000000000000e-001
    432  +3.500000000000001e-001  +5.500000000000000e-001  +2.500000000000001e-001
    433  +3.500000000000001e-001  +5.500000000000000e-001  +3.500000000000001e-001
    434  +3.500000000000001e-001  +5.500000000000000e-001  +4.500000000000000e-001
    435  +3.500000000000001e-001  +5.500000000000000e-001  +5.500000000000000e-001
    436  +3.500000000000001e-001  +5.500000000000000e-001  +6.499999999999999e-001
    437  +3.500000000000001e-001  +5.500000000000000e-001  +7.500000000000000e-001
    438  +3.500000000000001e-001  +5.500000000000000e-001  +8.500000000000001e-001
    439  +3.500000000000001e-001  +5.500000000000000e-001  +9.500000000000000e-001
    440  +4.500000000000000e-001  +5.500000000000000e-001  +5.000000000000000e-002
    441  +4.500000000000000e-001  +5.500000000000000e-001  +1.500000000000000e-001
    442  +4.500000000000000e-001  +5.500000000000000e-001  +2.500000000000001e-001
    443  +4.500000000000000e-001  +5.500000000000000e-001  +3.500000000000001e-001
    444  +4.500000000000000e-001  +5.500000000000000e-001  +4.500000000000000e-001
    445  +4.500000000000000e-001  +5.500000000000000e-001  +5.500000000000000e-001
    446  +4.500000000000000e-001  +5.500000000000000e-001  +6.499999999999999e-001
    447  +4.500000000000000e-001  +5.500000000000000e-001  +7.500000000000000e-001
    448  +4.500000000000000e-001  +5.500000000000000e-001  +8.500000000000001e-001
    449  +4.500000000000000e-001  +5.500000000000000e-001  +9.500000000000000e-001
    450  +5.500000000000000e-001  +5.500000000000000e-001  +5.000000000000000e-002
    451  +5.500000000000000e-001  +5.500000000000000e-001  +1.500000000000000e-001
    452  +5.500000000000000e-001  +5.500000000000000e-001  +2.500000000000001e-001
    453  +5.500000000000000e-001  +5.500000000000000e-001  +3.500000000000001e-001
    454  +5.500000000000000e-001  +5.500000000000000e-001  +4.500000000000000e-001
    455  +5.500000000000000e-001  +5.500000000000000e-001  +5.500000000000000e-001
    456  +5.500000000000000e-001  +5.500000000000000e-001  +6.499999999999999e-001
    457  +5.500000000000000e-001  +5.500000000000000e-001  +7.500000000000000e-001
    458  +5.500000000000000e-001  +5.500000000000000e-001  +8.500000000000001e-001
    459  +5.500000000000000e-001  +5.500000000000000e-001  +9.500000000000000e-001
    460  +6.499999999999999e-001  +5.500000000000000e-001  +5.000000000000000e-002
    461  +6.499999999999999e-001  +5.500000000000000e-001  +1.500000000000000e-001
    462  +6.499999999999999e-001  +5.500000000000000e-001  +2.500000000000001e-001
    463  +6.499999999999999e-001  +5.500000000000000e-001  +3.500000000000001e-001
    464  +6.499999999999999e-001  +5.500000000000000e-001  +4.500000000000000e-001
    465  +6.499999999999999e-001  +5.500000000000000e-001  +5.500000000000000e-001
    466  +6.499999999999999e-001  +5.500000000000000e-001  +6.499999999999999e-001
    467  +6.499999999999999e-001  +5.500000000000000e-001  +7.500000000000000e-001
    468  +6.499999999999999e-001  +5.500000000000000e-001  +8.500000000000001e-001
    469  +6.499999999999999e-001  +5.500000000000000e-001  +9.500000000000000e-001
    470  +7.500000000000000e-001  +5.500000000000000e-001  +5.000000000000000e-002
    471  +7.500000000000000e-001  +5.500000000000000e-001  +1.500000000000000e-001
    472  +7.500000000000000e-001  +5.500000000000000e-001  +2.500000000000001e-001
    473  +7.500000000000000e-001  +5.500000000000000e-001  +3.500000000000001e-001
    474  +7.500000000000000e-001  +5.500000000000000e-001  +4.500000000000000e-001
    475  +7.500000000000000e-001  +5.500000000000000e-001  +5.500000000000000e-001
    476  +7.500000000000000e-001  +5.500000000000000e-001  +6.499999999999999e-001
    477  +7.500000000000000e-001  +5.500000000000000e-001  +7.500000000000000e-001
    478  +7.500000000000000e-001  +5.500000000000000e-001  +8.500000000000001e-001
    479  +7.500000000000000e-001  +5.500000000000000e-001  +9.500000000000000e-001
    480  +8.500000000000001e-001  +5.500000000000000e-001  +5.000000000000000e-002
    481  +8.500000000000001e-001  +5.500000000000000e-001  +1.500000000000000e-001
    482  +8.500000000000001e-001  +5.500000000000000e-001  +2.500000000000001e-001
    483  +8.500000000000001e-001  +5.500000000000000e-001  +3.500000000000001e-001
    484  +8.500000000000001e-001  +5.500000000000000e-001  +4.500000000000000e-001
    485  +8.500000000000001e-001  +5.500000000000000e-001  +5.500000000000000e-001
    486  +8.500000000000001e-001  +5.500000000000000e-001  +6.499999999999999e-001
    487  +8.500000000000001e-001  +5.500000000000000e-001  +7.500000000000000e-001
    488  +8.500000000000001e-001  +5.500000000000000e-001  +8.500000000000001e-001
    489  +8.500000000000001e-001  +5.500000000000000e-001  +9.500000000000000e-001
    490  +9.500000000000000e-001  +5.500000000000000e-001  +5.000000000000000e-002
    491  +9.500000000000000e-001  +5.500000000000000e-001  +1.500000000000000e-001
    492  +9.500000000000000e-001  +5.500000000000000e-001  +2.500000000000001e-001
    493  +9.500000000000000e-001  +5.500000000000000e-001  +3.500000000000001e-001
    494  +9.500000000000000e-001  +5.500000000000000e-001  +4.500000000000000e-001
    495  +9.500000000000000e-001  +5.500000000000000e-001  +5.500000000000000e-001
    496  +9.500000000000000e-001  +5.500000000000000e-001  +6.499999999999999e-001
    497  +9.500000000000000e-001  +5.500000000000000e-001  +7.500000000000000e-001
    498  +9.500000000000000e-001  +5.500000000000000e-001  +8.500000000000001e-001
    499  +9.500000000000000e-001  +5.500000000000000e-001  +9.500000000000000e-001
    500  +5.000000000000000e-002  +4.500000000000000e-001  +5.000000000000000e-002
    501  +5.000000000000000e-002  +4.500000000000000e-001  +1.500000000000000e-001
    502  +5.000000000000000e-002  +4.500000000000000e-001  +2.500000000000001e-001
    503  +5.000000000000000e-002  +4.500000000000000e-001  +3.500000000000001e-001
    504  +5.000000000000000e-002  +4.500000000000000e-001  +4.500000000000000e-001
    505  +5.000000000000000e-002  +4.500000000000000e-001  +5.500000000000000e-001
    506  +5.000000000000000e-002  +4.500000000000000e-001  +6.499999999999999e-001
    507  +5.000000000000000e-002  +4.500000000000000e-001  +7.500000000000000e-001
    508  +5.000000000000000e-002  +4.500000000000000e-001  +8.500000000000001e-001
    509  +5.000000000000000e-002  +4.500000000000000e-001  +9.500000000000000e-001
    510  +1.500000000000000e-001  +4.500000000000000e-001  +5.000000000000000e-002
    511  +1.500000000000000e-001  +4.500000000000000e-001  +1.500000000000000e-001
    512  +1.500000000000000e-001  +4.500000000000000e-001  +2.500000000000001e-001
    513  +1.500000000000000e-001  +4.500000000000000e-001  +3.500000000000001e-001
    514  +1.500000000000000e-001  +4.500000000000000e-001  +4.500000000000000e-001
    515  +1.500000000000000e-001  +4.500000000000000e-001  +5.500000000000000e-001
    516  +1.500000000000000e-001  +4.500000000000000e-001  +6.499999999999999e-001
    517  +1.500000000000000e-001  +4.500000000000000e-001  +7.500000000000000e-001
    518  +1.500000000000000e-001  +4.500000000000000e-001  +8.500000000000001e-001
    519  +1.500000000000000e-001  +4.500000000000000e-001  +9.500000000000000e-001
    520  +2.500000000000001e-001  +4.500000000000000e-001  +5.000000000000000e-002
    521  +2.500000000000001e-001  +4.500000000000000e-001  +1.500000000000000e-001
    522  +2.500000000000001e-001  +4.500000000000000e-001  +2.500000000000001e-001
    523  +2.500000000000001e-001  +4.500000000000000e-001  +3.500000000000001e-001
    524  +2.500000000000001e-001  +4.500000000000000e-001  +4.500000000000000e-001
    525  +2.500000000000001e-001  +4.500000000000000e-001  +5.500000000000000e-001
    526  +2.500000000000001e-001  +4.500000000000000e-001  +6.499999999999999e-001
    527  +2.500000000000001e-001  +4.500000000000000e-001  +7.500000000000000e-001
    528  +2.500000000000001e-001  +4.500000000000000e-001  +8.500000000000001e-001
    529  +2.500000000000001e-001  +4.500000000000000e-001  +9.500000000000000e-001
    530  +3.500000000000001e-001  +4.500000000000000e-001  +5.000000000000000e-002
    531  +3.500000000000001e-001  +4.500000000000000e-001  +1.500000000000000e-001
    532  +3.500000000000001e-001  +4.500000000000000e-001  +2.500000000000001e-001
    533  +3.500000000000001e-001  +4.500000000000000e-001  +3.500000000000001e-001
    534  +3.500000000000001e-001  +4.500000000000000e-001  +4.500000000000000e-001
    535  +3.500000000000001e-001  +4.500000000000000e-001  +5.500000000000000e-001
    536  +3.500000000000001e-001  +4.500000000000000e-001  +6.499999999999999e-001
    537  +3.500000000000001e-001  +4.500000000000000e-001  +7.500000000000000e-001
    538  +3.500000000000001e-001  +4.500000000000000e-001  +8.500000000000001e-001
    539  +3.500000000000001e-001  +4.500000000000000e-001  +9.500000000000000e-001
    540  +4.500000000000000e-001  +4.500000000000000e-001  +5.000000000000000e-002
    541  +4.500000000000000e-001  +4.500000000000000e-001  +1.500000000000000e-001
    542  +4.500000000000000e-001  +4.500000000000000e-001  +2.500000000000001e-001
    543  +4.500000000000000e-001  +4.500000000000000e-001  +3.500000000000001e-001
    544  +4.500000000000000e-001  +4.500000000000000e-001  +4.500000000000000e-001
    545  +4.500000000000000e-001  +4.500000000000000e-001  +5.500000000000000e-001
    546  +4.500000000000000e-001  +4.500000000000000e-001  +6.499999999999999e-001
    547  +4.500000000000000e-001  +4.500000000000000e-001  +7.500000000000000e-001
    548  +4.500000000000000e-001  +4.500000000000000e-001  +8.500000000000001e-001
    549  +4.500000000000000e-001  +4.500000000000000e-001  +9.500000000000000e-001
    550  +5.500000000000000e-001  +4.500000000000000e-001  +5.000000000000000e-002
    551  +5.500000000000000e-001  +4.500000000000000e-001  +1.500000000000000e-001
    552  +5.500000000000000e-001  +4.500000000000000e-001  +2.500000000000001e-001
    553  +5.500000000000000e-001  +4.500000000000000e-001  +3.500000000000001e-001
    554  +5.500000000000000e-001  +4.500000000000000e-001  +4.500000000000000e-001
    555  +5.500000000000000e-001  +4.500000000000000e-001  +5.500000000000000e-001
    556  +5.500000000000000e-001  +4.500000000000000e-001  +6.499999999999999e-001
    557  +5.500000000000000e-001  +4.500000000000000e-001  +7.500000000000000e-001
    558  +5.500000000000000e-001  +4.500000000000000e-001  +8.500000000000001e-001
    559  +5.500000000000000e-001  +4.500000000000000e-001  +9.500000000000000e-001
    560  +6.499999999999999e-001  +4.500000000000000e-001  +5.000000000000000e-002
    561  +6.499999999999999e-001  +4.500000000000000e-001  +1.500000000000000e-001
    562  +6.499999999999999e-001  +4.500000000000000e-001  +2.500000000000001e-001
    563  +6.499999999999999e-001  +4.500000000000000e-001  +3.500000000000001e-001
    564  +6.499999999999999e-001  +4.500000000000000e-001  +4.500000000000000e-001
    565  +6.499999999999999e-001  +4.500000000000000e-001  +5.500000000000000e-001
    566  +6.499999999999999e-001  +4.500000000000000e-001  +6.499999999999999e-001
    567  +6.499999999999999e-001  +4.500000000000000e-001  +7.500000000000000e-001
    568  +6.499999999999999e-001  +4.500000000000000e-001  +8.500000000000001e-001
    569  +6.499999999999999e-001  +4.500000000000000e-001  +9.500000000000000e-001
    570  +7.500000000000000e-001  +4.500000000000000e-001  +5.000000000000000e-002
    571  +7.500000000000000e-001  +4.500000000000000e-001  +1.500000000000000e-001
    572  +7.500000000000000e-001  +4.500000000000000e-001  +2.500000000000001e-001
    573  +7.500000000000000e-001  +4.500000000000000e-001  +3.500000000000001e-001
    574  +7.500000000000000e-001  +4.500000000000000e-001  +4.500000000000000e-001
    575  +7.500000000000000e-001  +4.500000000000000e-001  +5.500000000000000e-001
    576  +7.500000000000000e-001  +4.500000000000000e-001  +6.499999999999999e-001
    577  +7.500000000000000e-001  +4.500000000000000e-001  +7.500000000000000e-001
    578  +7.500000000000000e-001  +4.500000000000000e-001  +8.500000000000001e-001
    579  +7.500000000000000e-001  +4.500000000000000e-001  +9.500000000000000e-001
    580  +8.500000000000001e-001  +4.500000000000000e-001  +5.000000000000000e-002
    581  +8.500000000000001e-001  +4.500000000000000e-001  +1.500000000000000e-001
    582  +8.500000000000001e-001  +4.500000000000000e-001  +2.500000000000001e-001
    583  +8.500000000000001e-001  +4.500000000000000e-001  +3.500000000000001e-001
    584  +8.500000000000001e-001  +4.500000000000000e-001  +4.500000000000000e-001
    585  +8.500000000000001e-001  +4.500000000000000e-001  +5.500000000000000e-001
    586  +8.500000000000001e-001  +4.500000000000000e-001  +6.499999999999999e-001
    587  +8.500000000000001e-001  +4.500000000000000e-001  +7.500000000000000e-001
    588  +8.500000000000001e-001  +4.500000000000000e-001  +8.500000000000001e-001
    589  +8.500000000000001e-001  +4.500000000000000e-001  +9.500000000000000e-001
    590  +9.500000000000000e-001  +4.500000000000000e-001  +5.000000000000000e-002
    591  +9.500000000000000e-001  +4.500000000000000e-001  +1.500000000000000e-001
    592  +9.500000000000000e-001  +4.500000000000000e-001  +2.500000000000001e-001
    593  +9.500000000000000e-001  +4.500000000000000e-001  +3.500000000000001e-001
    594  +9.500000000000000e-001  +4.500000000000000e-001  +4.500000000000000e-001
    595  +9.500000000000000e-001  +4.500000000000000e-001  +5.500000000000000e-001
    596  +9.500000000000000e-001  +4.500000000000000e-001  +6.499999999999999e-001
    597  +9.500000000000000e-001  +4.500000000000000e-001  +7.500000000000000e-001
    598  +9.500000000000000e-001  +4.500000000000000e-001  +8.500000000000001e-001
    599  +9.500000000000000e-001  +4.500000000000000e-001  +9.500000000000000e-001
    600  +5.000000000000000e-002  +3.500000000000001e-001  +5.000000000000000e-002
    601  +5.000000000000000e-002  +3.500000000000001e-001  +1.500000000000000e-001
    602  +5.000000000000000e-002  +3.500000000000001e-001  +2.500000000000001e-001
    603  +5.000000000000000e-002  +3.500000000000001e-001  +3.500000000000001e-001
    604  +5.000000000000000e-002  +3.500000000000001e-001  +4.500000000000000e-001
    605  +5.000000000000000e-002  +3.500000000000001e-001  +5.500000000000000e-001
    606  +5.000000000000000e-002  +3.500000000000001e-001  +6.499999999999999e-001
    607  +5.000000000000000e-002  +3.500000000000001e-001  +7.500000000000000e-001
    608  +5.000000000000000e-002  +3.500000000000001e-001  +8.500000000000001e-001
    609  +5.000000000000000e-002  +3.500000000000001e-001  +9.500000000000000e-001
    610  +1.500000000000000e-001  +3.500000000000001e-001  +5.000000000000000e-002
    611  +1.500000000000000e-001  +3.500000000000001e-001  +1.500000000000000e-001
    612  +1.500000000000000e-001  +3.500000000000001e-001  +2.500000000000001e-001
    613  +1.500000000000000e-001  +3.500000000000001e-001  +3.500000000000001e-001
    614  +1.500000000000000e-001  +3.500000000000001e-001  +4.500000000000000e-001
    615  +1.500000000000000e-001  +3.500000000000001e-001  +5.500000000000000e-001
    616  +1.500000000000000e-001  +3.500000000000001e-001  +6.499999999999999e-001
    617  +1.500000000000000e-001  +3.500000000000001e-001  +7.500000000000000e-001
    618  +1.500000000000000e-001  +3.500000000000001e-001  +8.500000000000001e-001
    619  +1.500000000000000e-001  +3.500000000000001e-001  +9.500000000000000e-001
    620  +2.500000000000001e-001  +3.500000000000001e-001  +5.000000000000000e-002
    621  +2.500000000000001e-001  +3.500000000000001e-001  +1.500000000000000e-001
    622  +2.500000000000001e-001  +3.500000000000001e-001  +2.500000000000001e-001
    623  +2.500000000000001e-001  +3.500000000000001e-001  +3.500000000000001e-001
    624  +2.500000000000001e-001  +3.500000000000001e-001  +4.500000000000000e-001
    625  +2.500000000000001e-001  +3.500000000000001e-001  +5.500000000000000e-001
    626  +2.500000000000001e-001  +3.500000000000001e-001  +6.499999999999999e-001
    627  +2.500000000000001e-001  +3.500000000000001e-001  +7.500000000000000e-001
    628  +2.500000000000001e-001  +3.500000000000001e-001  +8.500000000000001e-001
    629  +2.500000000000001e-001  +3.500000000000001e-001  +9.500000000000000e-001
    630  +3.500000000000001e-001  +3.500000000000001e-001  +5.000000000000000e-002
    631  +3.500000000000001e-001  +3.500000000000001e-001  +1.500000000000000e-001
    632  +3.500000000000001e-001  +3.500000000000001e-001  +2.500000000000001e-001
    633  +3.500000000000001e-001  +3.500000000000001e-001  +3.500000000000001e-001
    634  +3.500000000000001e-001  +3.500000000000001e-001  +4.500000000000000e-001
    635  +3.500000000000001e-001  +3.500000000000001e-001  +5.500000000000000e-001
    636  +3.500000000000001e-001  +3.500000000000001e-001  +6.499999999999999e-001
    637  +3.500000000000001e-001  +3.500000000000001e-001  +7.500000000000000e-001
    638  +3.500000000000001e-001  +3.500000000000001e-001  +8.500000000000001e-001
    639  +3.500000000000001e-001  +3.500000000000001e-001  +9.500000000000000e-001
    640  +4.500000000000000e-001  +3.500000000000001e-001  +5.000000000000000e-002
    641  +4.500000000000000e-001  +3.500000000000001e-001  +1.500000000000000e-001
    642  +4.500000000000000e-001  +3.500000000000001e-001  +2.500000000000001e-001
    643  +4.500000000000000e-001  +3.500000000000001e-001  +3.500000000000001e-001
    644  +4.500000000000000e-001  +3.500000000000001e-001  +4.500000000000000e-001
    645  +4.500000000000000e-001  +3.500000000000001e-001  +5.500000000000000e-001
    646  +4.500000000000000e-001  +3.500000000000001e-001  +6.499999999999999e-001
    647  +4.500000000000000e-001  +3.500000000000001e-001  +7.500000000000000e-001
    648  +4.500000000000000e-001  +3.500000000000001e-001  +8.500000000000001e-001
    649  +4.500000000000000e-001  +3.500000000000001e-001  +9.500000000000000e-001
    650  +5.500000000000000e-001  +3.500000000000001e-001  +5.000000000000000e-002
    651  +5.500000000000000e-001  +3.500000000000001e-001  +1.500000000000000e-001
    652  +5.500000000000000e-001  +3.500000000000001e-001  +2.500000000000001e-001
    653  +5.500000000000000e-001  +3.500000000000001e-001  +3.500000000000001e-001
    654  +5.500000000000000e-001  +3.500000000000001e-001  +4.500000000000000e-001
    655  +5.500000000000000e-001  +3.500000000000001e-001  +5.500000000000000e-001
    656  +5.500000000000000e-001  +3.500000000000001e-001  +6.499999999999999e-001
    657  +5.500000000000000e-001  +3.500000000000001e-001  +7.500000000000000e-001
    658  +5.500000000000000e-001  +3.500000000000001e-001  +8.500000000000001e-001
    659  +5.500000000000000e-001  +3.500000000000001e-001  +9.500000000000000e-001
    660  +6.499999999999999e-001  +3.500000000000001e-001  +5.000000000000000e-002
    661  +6.499999999999999e-001  +3.500000000000001e-001  +1.500000000000000e-001
    662  +6.499999999999999e-001  +3.500000000000001e-001  +2.500000000000001e-001
    663  +6.499999999999999e-001  +3.500000000000001e-001  +3.500000000000001e-001
    664  +6.499999999999999e-001  +3.500000000000001e-001  +4.500000000000000e-001
    665  +6.499999999999999e-001  +3.500000000000001e-001  +5.500000000000000e-001
    666  +6.499999999999999e-001  +3.500000000000001e-001  +6.499999999999999e-001
    667  +6.499999999999999e-001  +3.500000000000001e-001  +7.500000000000000e-001
    668  +6.499999999999999e-001  +3.500000000000001e-001  +8.500000000000001e-001
    669  +6.499999999999999e-001  +3.500000000000001e-001  +9.500000000000000e-001
    670  +7.500000000000000e-001  +3.500000000000001e-001  +5.000000000000000e-002
    671  +7.500000000000000e-001  +3.500000000000001e-001  +1.500000000000000e-001
    672  +7.500000000000000e-001  +3.500000000000001e-001  +2.500000000000001e-001
    673  +7.500000000000000e-001  +3.500000000000001e-001  +3.500000000000001e-001
    674  +7.500000000000000e-001  +3.500000000000001e-001  +4.500000000000000e-001
    675  +7.500000000000000e-001  +3.500000000000001e-001  +5.500000000000000e-001
    676  +7.500000000000000e-001  +3.500000000000001e-001  +6.499999999999999e-001
    677  +7.500000000000000e-001  +3.500000000000001e-001  +7.500000000000000e-001
    678  +7.500000000000000e-001  +3.500000000000001e-001  +8.500000000000001e-001
    679  +7.500000000000000e-001  +3.500000000000001e-001  +9.500000000000000e-001
    680  +8.500000000000001e-001  +3.500000000000001e-001  +5.000000000000000e-002
    681  +8.500000000000001e-001  +3.500000000000001e-001  +1.500000000000000e-001
    682  +8.500000000000001e-001  +3.500000000000001e-001  +2.500000000000001e-001
    683  +8.500000000000001e-001  +3.500000000000001e-001  +3.500000000000001e-001
    684  +8.500000000000001e-001  +3.500000000000001e-001  +4.500000000000000e-001
    685  +8.500000000000001e-001  +3.500000000000001e-001  +5.500000000000000e-001
    686  +8.500000000000001e-001  +3.500000000000001e-001  +6.499999999999999e-001
    687  +8.500000000000001e-001  +3.500000000000001e-001  +7.500000000000000e-001
    688  +8.500000000000001e-001  +3.500000000000001e-001  +8.500000000000001e-001
    689  +8.500000000000001e-001  +3.500000000000001e-001  +9.500000000000000e-001
    690  +9.500000000000000e-001  +3.500000000000001e-001  +5.000000000000000e-002
    691  +9.500000000000000e-001  +3.500000000000001e-001  +1.500000000000000e-001
    692  +9.500000000000000e-001  +3.500000000000001e-001  +2.500000000000001e-001
    693  +9.500000000000000e-001  +3.500000000000001e-001  +3.500000000000001e-001
    694  +9.500000000000000e-001  +3.500000000000001e-001  +4.500000000000000e-001
    695  +9.500000000000000e-001  +3.500000000000001e-001  +5.500000000000000e-001
    696  +9.500000000000000e-001  +3.500000000000001e-001  +6.499999999999999e-001
    697  +9.500000000000000e-001  +3.500000000000001e-001  +7.500000000000000e-001
    698  +9.500000000000000e-001  +3.500000000000001e-001  +8.500000000000001e-001
    699  +9.500000000000000e-001  +3.500000000000001e-001  +9.500000000000000e-001
    700  +5.000000000000000e-002  +2.500000000000001e-001  +5.000000000000000e-002
    701  +5.000000000000000e-002  +2.500000000000001e-001  +1.500000000000000e-001
    702  +5.000000000000000e-002  +2.500000000000001e-001  +2.500000000000001e-001
    703  +5.000000000000000e-002  +2.500000000000001e-001  +3.500000000000001e-001
    704  +5.000000000000000e-002  +2.500000000000001e-001  +4.500000000000000e-001
    705  +5.000000000000000e-002  +2.500000000000001e-001  +5.500000000000000e-001
    706  +5.000000000000000e-002  +2.500000000000001e-001  +6.499999999999999e-001
    707  +5.000000000000000e-002  +2.500000000000001e-001  +7.500000000000000e-001
    708  +5.000000000000000e-002  +2.500000000000001e-001  +8.500000000000001e-001
    709  +5.000000000000000e-002  +2.500000000000001e-001  +9.500000000000000e-001
    710  +1.500000000000000e-001  +2.500000000000001e-001  +5.000000000000000e-002
    711  +1.500000000000000e-001  +2.500000000000001e-001  +1.500000000000000e-001
    712  +1.500000000000000e-001  +2.500000000000001e-001  +2.500000000000001e-001
    713  +1.500000000000000e-001  +2.500000000000001e-001  +3.500000000000001e-001
    714  +1.500000000000000e-001  +2.500000000000001e-001  +4.500000000000000e-001
    715  +1.500000000000000e-001  +2.500000000000001e-001  +5.500000000000000e-001
    716  +1.500000000000000e-001  +2.500000000000001e-001  +6.499999999999999e-001
    717  +1.500000000000000e-001  +2.500000000000001e-001  +7.500000000000000e-001
    718  +1.500000000000000e-001  +2.500000000000001e-001  +8.500000000000001e-001
    719  +1.500000000000000e-001  +2.500000000000001e-001  +9.500000000000000e-001
    720  +2.500000000000001e-001  +2.500000000000001e-001  +5.000000000000000e-002
    721  +2.500000000000001e-001  +2.500000000000001e-001  +1.500000000000000e-001
    722  +2.500000000000001e-001  +2.500000000000001e-001  +2.500000000000001e-001
    723  +2.500000000000001e-001  +2.500000000000001e-001  +3.500000000000001e-001
    724  +2.500000000000001e-001  +2.500000000000001e-001  +4.500000000000000e-001
    725  +2.500000000000001e-001  +2.500000000000001e-001  +5.500000000000000e-001
    726  +2.500000000000001e-001  +2.500000000000001e-001  +6.499999999999999e-001
    727  +2.500000000000001e-001  +2.500000000000001e-001  +7.500000000000000e-001
    728  +2.500000000000001e-001  +2.500000000000001e-001  +8.500000000000001e-001
    729  +2.500000000000001e-001  +2.500000000000001e-001  +9.500000000000000e-001
    730  +3.500000000000001e-001  +2.500000000000001e-001  +5.000000000000000e-002
    731  +3.500000000000001e-001  +2.500000000000001e-001  +1.500000000000000e-001
    732  +3.500000000000001e-001  +2.500000000000001e-001  +2.500000000000001e-001
    733  +3.500000000000001e-001  +2.500000000000001e-001  +3.500000000000001e-001
    734  +3.500000000000001e-001  +2.500000000000001e-001  +4.500000000000000e-001
    735  +3.500000000000001e-001  +2.500000000000001e-001  +5.500000000000000e-001
    736  +3.500000000000001e-001  +2.500000000000001e-001  +6.499999999999999e-001
    737  +3.500000000000001e-001  +2.500000000000001e-001  +7.500000000000000e-001
    738  +3.500000000000001e-001  +2.500000000000001e-001  +8.500000000000001e-001
    739  +3.500000000000001e-001  +2.500000000000001e-001  +9.500000000000000e-001
    740  +4.500000000000000e-001  +2.500000000000001e-001  +5.000000000000000e-002
    741  +4.500000000000000e-001  +2.500000000000001e-001  +1.500000000000000e-001
    742  +4.500000000000000e-001  +2.500000000000001e-001  +2.500000000000001e-001
    743  +4.500000000000000e-001  +2.500000000000001e-001  +3.500000000000001e-001
    744  +4.500000000000000e-001  +2.500000000000001e-001  +4.500000000000000e-001
    745  +4.500000000000000e-001  +2.500000000000001e-001  +5.500000000000000e-001
    746  +4.500000000000000e-001  +2.500000000000001e-001  +6.499999999999999e-001
    747  +4.500000000000000e-001  +2.500000000000001e-001  +7.500000000000000e-001
    748  +4.500000000000000e-001  +2.500000000000001e-001  +8.500000000000001e-001
    749  +4.500000000000000e-001  +2.500000000000001e-001  +9.500000000000000e-001
    750  +5.500000000000000e-001  +2.500000000000001e-001  +5.000000000000000e-002
    751  +5.500000000000000e-001  +2.500000000000001e-001  +1.500000000000000e-001
    752  +5.500000000000000e-001  +2.500000000000001e-001  +2.500000000000001e-001
    753  +5.500000000000000e-001  +2.500000000000001e-001  +3.500000000000001e-001
    754  +5.500000000000000e-001  +2.500000000000001e-001  +4.500000000000000e-001
    755  +5.500000000000000e-001  +2.500000000000001e-001  +5.500000000000000e-001
    756  +5.500000000000000e-001  +2.500000000000001e-001  +6.499999999999999e-001
    757  +5.500000000000000e-001  +2.500000000000001e-001  +7.500000000000000e-001
    758  +5.500000000000000e-001  +2.500000000000001e-001  +8.500000000000001e-001
    759  +5.500000000000000e-001  +2.500000000000001e-001  +9.500000000000000e-001
    760  +6.499999999999999e-001  +2.500000000000001e-001  +5.000000000000000e-002
    761  +6.499999999999999e-001  +2.500000000000001e-001  +1.500000000000000e-001
    762  +6.499999999999999e-001  +2.500000000000001e-001  +2.500000000000001e-001
    763  +6.499999999999999e-001  +2.500000000000001e-001  +3.500000000000001e-001
    764  +6.499999999999999e-001  +2.500000000000001e-001  +4.500000000000000e-001
    765  +6.499999999999999e-001  +2.500000000000001e-001  +5.500000000000000e-001
    766  +6.499999999999999e-001  +2.500000000000001e-001  +6.499999999999999e-001
    767  +6.499999999999999e-001  +2.500000000000001e-001  +7.500000000000000e-001
    768  +6.499999999999999e-001  +2.500000000000001e-001  +8.500000000000001e-001
    769  +6.499999999999999e-001  +2.500000000000001e-001  +9.500000000000000e-001
    770  +7.500000000000000e-001  +2.500000000000001e-001  +5.000000000000000e-002
    771  +7.500000000000000e-001  +2.500000000000001e-001  +1.500000000000000e-001
    772  +7.500000000000000e-001  +2.500000000000001e-001  +2.500000000000001e-001
    773  +7.500000000000000e-001  +2.500000000000001e-001  +3.500000000000001e-001
    774  +7.500000000000000e-001  +2.500000000000001e-001  +4.500000000000000e-001
    775  +7.500000000000000e-001  +2.500000000000001e-001  +5.500000000000000e-001
    776  +7.500000000000000e-001  +2.500000000000001e-001  +6.499999999999999e-001
    777  +7.500000000000000e-001  +2.500000000000001e-001  +7.500000000000000e-001
    778  +7.500000000000000e-001  +2.500000000000001e-001  +8.500000000000001e-001
    779  +7.500000000000000e-001  +2.500000000000001e-001  +9.500000000000000e-001
    780  +8.500000000000001e-001  +2.500000000000001e-001  +5.000000000000000e-002
    781  +8.500000000000001e-001  +2.500000000000001e-001  +1.500000000000000e-001
    782  +8.500000000000001e-001  +2.500000000000001e-001  +2.500000000000001e-001
    783  +8.500000000000001e-001  +2.500000000000001e-001  +3.500000000000001e-001
    784  +8.500000000000001e-001  +2.500000000000001e-001  +4.500000000000000e-001
    785  +8.500000000000001e-001  +2.500000000000001e-001  +5.500000000000000e-001
    786  +8.500000000000001e-001  +2.500000000000001e-001  +6.499999999999999e-001
    787  +8.500000000000001e-001  +2.500000000000001e-001  +7.500000000000000e-001
    788  +8.500000000000001e-001  +2.500000000000001e-001  +8.500000000000001e-001
    789  +8.500000000000001e-001  +2.500000000000001e-001  +9.500000000000000e-001
    790  +9.500000000000000e-001  +2.500000000000001e-001  +5.000000000000000e-002
    791  +9.500000000000000e-001  +2.500000000000001e-001  +1.500000000000000e-001
    792  +9.500000000000000e-001  +2.500000000000001e-001  +2.500000000000001e-001
    793  +9.500000000000000e-001  +2.500000000000001e-001  +3.500000000000001e-001
    794  +9.500000000000000e-001  +2.500000000000001e-001  +4.500000000000000e-001
    795  +9.500000000000000e-001  +2.500000000000001e-001  +5.500000000000000e-001
    796  +9.500000000000000e-001  +2.500000000000001e-001  +6.499999999999999e-001
    797  +9.500000000000000e-001  +2.500000000000001e-001  +7.500000000000000e-001
    798  +9.500000000000000e-001  +2.500000000000001e-001  +8.500000000000001e-001
    799  +9.500000000000000e-001  +2.500000000000001e-001  +9.500000000000000e-001
    800  +5.000000000000000e-002  +1.500000000000001e-001  +5.000000000000000e-002
    801  +5.000000000000000e-002  +1.500000000000001e-001  +1.500000000000000e-001
    802  +5.000000000000000e-002  +1.500000000000001e-001  +2.500000000000001e-001
    803  +5.000000000000000e-002  +1.500000000000001e-001  +3.500000000000001e-001
    804  +5.000000000000000e-002  +1.500000000000001e-001  +4.500000000000000e-001
    805  +5.000000000000000e-002  +1.500000000000001e-001  +5.500000000000000e-001
    806  +5.000000000000000e-002  +1.500000000000001e-001  +6.499999999999999e-001
    807  +5.000000000000000e-002  +1.500000000000001e-001  +7.500000000000000e-001
    808  +5.000000000000000e-002  +1.500000000000001e-001  +8.500000000000001e-001
    809  +5.000000000000000e-002  +1.500000000000001e-001  +9.500000000000000e-001
    810  +1.500000000000000e-001  +1.500000000000001e-001  +5.000000000000000e-002
    811  +1.500000000000000e-001  +1.500000000000001e-001  +1.500000000000000e-001
    812  +1.500000000000000e-001  +1.500000000000001e-001  +2.500000000000001e-001
    813  +1.500000000000000e-001  +1.500000000000001e-001  +3.500000000000001e-001
    814  +1.500000000000000e-001  +1.500000000000001e-001  +4.500000000000000e-001
    815  +1.500000000000000e-001  +1.500000000000001e-001  +5.500000000000000e-001
    816  +1.500000000000000e-001  +1.500000000000001e-001  +6.499999999999999e-001
    817  +1.500000000000000e-001  +1.500000000000001e-001  +7.500000000000000e-001
    818  +1.500000000000000e-001  +1.500000000000001e-001  +8.500000000000001e-001
    819  +1.500000000000000e-001  +1.500000000000001e-001  +9.500000000000000e-001
    820  +2.500000000000001e-001  +1.500000000000001e-001  +5.000000000000000e-002
    821  +2.500000000000001e-001  +1.500000000000001e-001  +1.500000000000000e-001
    822  +2.500000000000001e-001  +1.500000000000001e-001  +2.500000000000001e-001
    823  +2.500000000000001e-001  +1.500000000000001e-001  +3.500000000000001e-001
    824  +2.500000000000001e-001  +1.500000000000001e-001  +4.500000000000000e-001
    825  +2.500000000000001e-001  +1.500000000000001e-001  +5.500000000000000e-001
    826  +2.500000000000001e-001  +1.500000000000001e-001  +6.499999999999999e-001
    827  +2.500000000000001e-001  +1.500000000000001e-001  +7.500000000000000e-001
    828  +2.500000000000001e-001  +1.500000000000001e-001  +8.500000000000001e-001
    829  +2.500000000000001e-001  +1.500000000000001e-001  +9.500000000000000e-001
    830  +3.500000000000001e-001  +1.500000000000001e-001  +5.000000000000000e-002
    831  +3.500000000000001e-001  +1.500000000000001e-001  +1.500000000000000e-001
    832  +3.500000000000001e-001  +1.500000000000001e-001  +2.500000000000001e-001
    833  +3.500000000000001e-001  +1.500000000000001e-001  +3.500000000000001e-001
    834  +3.500000000000001e-001  +1.500000000000001e-001  +4.500000000000000e-001
    835  +3.500000000000001e-001  +1.500000000000001e-001  +5.500000000000000e-001
    836  +3.500000000000001e-001  +1.500000000000001e-001  +6.499999999999999e-001
    837  +3.500000000000001e-001  +1.500000000000001e-001  +7.500000000000000e-001
    838  +3.500000000000001e-001  +1.500000000000001e-001  +8.500000000000001e-001
    839  +3.500000000000001e-001  +1.500000000000001e-001  +9.500000000000000e-001
    840  +4.500000000000000e-001  +1.500000000000001e-001  +5.000000000000000e-002
    841  +4.500000000000000e-001  +1.500000000000001e-001  +1.500000000000000e-001
    842  +4.500000000000000e-001  +1.500000000000001e-001  +2.500000000000001e-001
    843  +4.500000000000000e-001  +1.500000000000001e-001  +3.500000000000001e-001
    844  +4.500000000000000e-001  +1.500000000000001e-001  +4.500000000000000e-001
    845  +4.500000000000000e-001  +1.500000000000001e-001  +5.500000000000000e-001
    846  +4.500000000000000e-001  +1.500000000000001e-001  +6.499999999999999e-001
    847  +4.500000000000000e-001  +1.500000000000001e-001  +7.500000000000000e-001
    848  +4.500000000000000e-001  +1.500000000000001e-001  +8.500000000000001e-001
    849  +4.500000000000000e-001  +1.500000000000001e-001  +9.500000000000000e-001
    850  +5.500000000000000e-001  +1.500000000000001e-001  +5.000000000000000e-002
    851  +5.500000000000000e-001  +1.500000000000001e-001  +1.500000000000000e-001
    852  +5.500000000000000e-001  +1.500000000000001e-001  +2.500000000000001e-001
    853  +5.500000000000000e-001  +1.500000000000001e-001  +3.500000000000001e-001
    854  +5.500000000000000e-001  +1.500000000000001e-001  +4.500000000000000e-001
    855  +5.500000000000000e-001  +1.500000000000001e-001  +5.500000000000000e-001
    856  +5.500000000000000e-001  +1.500000000000001e-001  +6.499999999999999e-001
    857  +5.500000000000000e-001  +1.500000000000001e-001  +7.500000000000000e-001
    858  +5.500000000000000e-001  +1.500000000000001e-001  +8.500000000000001e-001
    859  +5.500000000000000e-001  +1.500000000000001e-001  +9.500000000000000e-001
    860  +6.499999999999999e-001  +1.500000000000001e-001  +5.000000000000000e-002
    861  +6.499999999999999e-001  +1.500000000000001e-001  +1.500000000000000e-001
    862  +6.499999999999999e-001  +1.500000000000001e-001  +2.500000000000001e-001
    863  +6.499999999999999e-001  +1.500000000000001e-001  +3.500000000000001e-001
    864  +6.499999999999999e-001  +1.500000000000001e-001  +4.500000000000000e-001
    865  +6.499999999999999e-001  +1.500000000000001e-001  +5.500000000000000e-001
    866  +6.499999999999999e-001  +1.500000000000001e-001  +6.499999999999999e-001
    867  +6.499999999999999e-001  +1.500000000000001e-001  +7.500000000000000e-001
    868  +6.499999999999999e-001  +1.500000000000001e-001  +8.500000000000001e-001
    869  +6.499999999999999e-001  +1.500000000000001e-001  +9.500000000000000e-001
    870  +7.500000000000000e-001  +1.500000000000001e-001  +5.000000000000000e-002
    871  +7.500000000000000e-001  +1.500000000000001e-001  +1.500000000000000e-001
    872  +7.500000000000000e-001  +1.500000000000001e-001  +2.500000000000001e-001
    873  +7.500000000000000e-001  +1.500000000000001e-001  +3.500000000000001e-001
    874  +7.500000000000000e-001  +1.500000000000001e-001  +4.500000000000000e-001
    875  +7.500000000000000e-001  +1.500000000000001e-001  +5.500000000000000e-001
    876  +7.500000000000000e-001  +1.500000000000001e-001  +6.499999999999999e-001
    877  +7.500000000000000e-001  +1.500000000000001e-001  +7.500000000000000e-001
    878  +7.500000000000000e-001  +1.500000000000001e-001  +8.500000000000001e-001
    879  +7.500000000000000e-001  +1.500000000000001e-001  +9.500000000000000e-001
    880  +8.500000000000001e-001  +1.500000000000001e-001  +5.000000000000000e-002
    881  +8.500000000000001e-001  +1.500000000000001e-001  +1.500000000000000e-001
    882  +8.500000000000001e-001  +1.500000000000001e-001  +2.500000000000001e-001
    883  +8.500000000000001e-001  +1.500000000000001e-001  +3.500000000000001e-001
    884  +8.500000000000001e-001  +1.500000000000001e-001  +4.500000000000000e-001
    885  +8.500000000000001e-001  +1.500000000000001e-001  +5.500000000000000e-001
    886  +8.500000000000001e-001  +1.500000000000001e-001  +6.499999999999999e-001
    887  +8.500000000000001e-001  +1.500000000000001e-001  +7.500000000000000e-001
    888  +8.500000000000001e-001  +1.500000000000001e-001  +8.500000000000001e-001
    889  +8.500000000000001e-001  +1.500000000000001e-001  +9.500000000000000e-001
    890  +9.500000000000000e-001  +1.500000000000001e-001  +5.000000000000000e-002
    891  +9.500000000000000e-001  +1.500000000000001e-001  +1.500000000000000e-001
    892  +9.500000000000000e-001  +1.500000000000001e-001  +2.500000000000001e-001
    893  +9.500000000000000e-001  +1.500000000000001e-001  +3.500000000000001e-001
    894  +9.500000000000000e-001  +1.500000000000001e-001  +4.500000000000000e-001
    895  +9.500000000000000e-001  +1.500000000000001e-001  +5.500000000000000e-001
    896  +9.500000000000000e-001  +1.500000000000001e-001  +6.499999999999999e-001
    897  +9.500000000000000e-001  +1.500000000000001e-001  +7.500000000000000e-001
    898  +9.500000000000000e-001  +1.500000000000001e-001  +8.500000000000001e-001
    899  +9.500000000000000e-001  +1.500000000000001e-001  +9.500000000000000e-001
    900  +5.000000000000000e-002  +5.000000000000011e-002  +5.000000000000000e-002
    901  +5.000000000000000e-002  +5.000000000000011e-002  +1.500000000000000e-001
    902  +5.000000000000000e-002  +5.000000000000011e-002  +2.500000000000001e-001
    903  +5.000000000000000e-002  +5.000000000000011e-002  +3.500000000000001e-001
    904  +5.000000000000000e-002  +5.000000000000011e-002  +4.500000000000000e-001
    905  +5.000000000000000e-002  +5.000000000000011e-002  +5.500000000000000e-001
    906  +5.000000000000000e-002  +5.000000000000011e-002  +6.499999999999999e-001
    907  +5.000000000000000e-002  +5.000000000000011e-002  +7.500000000000000e-001
    908  +5.000000000000000e-002  +5.000000000000011e-002  +8.500000000000001e-001
    909  +5.000000000000000e-002  +5.000000000000011e-002  +9.500000000000000e-001
    910  +1.500000000000000e-001  +5.000000000000011e-002  +5.000000000000000e-002
    911  +1.500000000000000e-001  +5.000000000000011e-002  +1.500000000000000e-001
    912  +1.500000000000000e-001  +5.000000000000011e-002  +2.500000000000001e-001
    913  +1.500000000000000e-001  +5.000000000000011e-002  +3.500000000000001e-001
    914  +1.500000000000000e-001  +5.000000000000011e-002  +4.500000000000000e-001
    915  +1.500000000000000e-001  +5.000000000000011e-002  +5.500000000000000e-001
    916  +1.500000000000000e-001  +5.000000000000011e-002  +6.499999999999999e-001
    917  +1.500000000000000e-001  +5.000000000000011e-002  +7.500000000000000e-001
    918  +1.500000000000000e-001  +5.000000000000011e-002  +8.500000000000001e-001
    919  +1.500000000000000e-001  +5.000000000000011e-002  +9.500000000000000e-001
    920  +2.500000000000001e-001  +5.000000000000011e-002  +5.000000000000000e-002
    921  +2.500000000000001e-001  +5.000000000000011e-002  +1.500000000000000e-001
    922  +2.500000000000001e-001  +5.000000000000011e-002  +2.500000000000001e-001
    923  +2.500000000000001e-001  +5.000000000000011e-002  +3.500000000000001e-001
    924  +2.500000000000001e-001  +5.000000000000011e-002  +4.500000000000000e-001
    925  +2.500000000000001e-001  +5.000000000000011e-002  +5.500000000000000e-001
    926  +2.500000000000001e-001  +5.000000000000011e-002  +6.499999999999999e-001
    927  +2.500000000000001e-001  +5.000000000000011e-002  +7.500000000000000e-001
    928  +2.500000000000001e-001  +5.000000000000011e-002  +8.500000000000001e-001
    929  +2.500000000000001e-001  +5.000000000000011e-002  +9.500000000000000e-001
    930  +3.500000000000001e-001  +5.000000000000011e-002  +5.000000000000000e-002
    931  +3.500000000000001e-001  +5.000000000000011e-002  +1.500000000000000e-001
    932  +3.500000000000001e-001  +5.000000000000011e-002  +2.500000000000001e-001
    933  +3.500000000000001e-001  +5.000000000000011e-002  +3.500000000000001e-001
    934  +3.500000000000001e-001  +5.000000000000011e-002  +4.500000000000000e-001
    935  +3.500000000000001e-001  +5.000000000000011e-002  +5.500000000000000e-001
    936  +3.500000000000001e-001  +5.000000000000011e-002  +6.499999999999999e-001
    937  +3.500000000000001e-001  +5.000000000000011e-002  +7.500000000000000e-001
    938  +3.500000000000001e-001  +5.000000000000011e-002  +8.500000000000001e-001
    939  +3.500000000000001e-001  +5.000000000000011e-002  +9.500000000000000e-001
    940  +4.500000000000000e-001  +5.000000000000011e-002  +5.000000000000000e-002
    941  +4.500000000000000e-001  +5.000000000000011e-002  +1.500000000000000e-001
    942  +4.500000000000000e-001  +5.000000000000011e-002  +2.500000000000001e-001
    943  +4.500000000000000e-001  +5.000000000000011e-002  +3.500000000000001e-001
    944  +4.500000000000000e-001  +5.000000000000011e-002  +4.500000000000000e-001
    945  +4.500000000000000e-001  +5.000000000000011e-002  +5.500000000000000e-001
    946  +4.500000000000000e-001  +5.000000000000011e-002  +6.499999999999999e-001
    947  +4.500000000000000e-001  +5.000000000000011e-002  +7.500000000000000e-001
    948  +4.500000000000000e-001  +5.000000000000011e-002  +8.500000000000001e-001
    949  +4.500000000000000e-001  +5.000000000000011e-002  +9.500000000000000e-001
    950  +5.500000000000000e-001  +5.000000000000011e-002  +5.000000000000000e-002
    951  +5.500000000000000e-001  +5.000000000000011e-002  +1.500000000000000e-001
    952  +5.500000000000000e-001  +5.000000000000011e-002  +2.500000000000001e-001
    953  +5.500000000000000e-001  +5.000000000000011e-002  +3.500000000000001e-001
    954  +5.500000000000000e-001  +5.000000000000011e-002  +4.500000000000000e-001
    955  +5.500000000000000e-001  +5.000000000000011e-002  +5.500000000000000e-001
    956  +5.500000000000000e-001  +5.000000000000011e-002  +6.499999999999999e-001
    957  +5.500000000000000e-001  +5.000000000000011e-002  +7.500000000000000e-001
    958  +5.500000000000000e-001  +5.000000000000011e-002  +8.500000000000001e-001
    959  +5.500000000000000e-001  +5.000000000000011e-002  +9.500000000000000e-001
    960  +6.499999999999999e-001  +5.000000000000011e-002  +5.000000000000000e-002
    961  +6.499999999999999e-001  +5.000000000000011e-002  +1.500000000000000e-001
    962  +6.499999999999999e-001  +5.000000000000011e-002  +2.500000000000001e-001
    963  +6.499999999999999e-001  +5.000000000000011e-002  +3.500000000000001e-001
    964  +6.499999999999999e-001  +5.000000000000011e-002  +4.500000000000000e-001
    965  +6.499999999999999e-001  +5.000000000000011e-002  +5.500000000000000e-001
    966  +6.499999999999999e-001  +5.000000000000011e-002  +6.499999999999999e-001
    967  +6.499999999999999e-001  +5.000000000000011e-002  +7.500000000000000e-001
    968  +6.499999999999999e-001  +5.000000000000011e-002  +8.500000000000001e-001
    969  +6.499999999999999e-001  +5.000000000000011e-002  +9.500000000000000e-001
    970  +7.500000000000000e-001  +5.000000000000011e-002  +5.000000000000000e-002
    971  +7.500000000000000e-001  +5.000000000000011e-002  +1.500000000000000e-001
    972  +7.500000000000000e-001  +5.000000000000011e-002  +2.500000000000001e-001
    973  +7.500000000000000e-001  +5.000000000000011e-002  +3.500000000000001e-001
    974  +7.500000000000000e-001  +5.000000000000011e-002  +4.500000000000000e-001
    975  +7.500000000000000e-001  +5.000000000000011e-002  +5.500000000000000e-001
    976  +7.500000000000000e-001  +5.000000000000011e-002  +6.499999999999999e-001
    977  +7.500000000000000e-001  +5.000000000000011e-002  +7.500000000000000e-001
    978  +7.500000000000000e-001  +5.000000000000011e-002  +8.500000000000001e-001
    979  +7.500000000000000e-001  +5.000000000000011e-002  +9.500000000000000e-001
    980  +8.500000000000001e-001  +5.000000000000011e-002  +5.000000000000000e-002
    981  +8.500000000000001e-001  +5.000000000000011e-002  +1.500000000000000e-001
    982  +8.500000000000001e-001  +5.000000000000011e-002  +2.500000000000001e-001
    983  +8.500000000000001e-001  +5.000000000000011e-002  +3.500000000000001e-001
    984  +8.500000000000001e-001  +5.000000000000011e-002  +4.500000000000000e-001
    985  +8.500000000000001e-001  +5.000000000000011e-002  +5.500000000000000e-001
    986  +8.500000000000001e-001  +5.000000000000011e-002  +6.499999999999999e-001
    987  +8.500000000000001e-001  +5.000000000000011e-002  +7.500000000000000e-001
    988  +8.500000000000001e-001  +5.000000000000011e-002  +8.500000000000001e-001
    989  +8.500000000000001e-001  +5.000000000000011e-002  +9.500000000000000e-001
    990  +9.500000000000000e-001  +5.000000000000011e-002  +5.000000000000000e-002
    991  +9.500000000000000e-001  +5.000000000000011e-002  +1.500000000000000e-001
    992  +9.500000000000000e-001  +5.000000000000011e-002  +2.500000000000001e-001
    993  +9.500000000000000e-001  +5.000000000000011e-002  +3.500000000000001e-001
    994  +9.500000000000000e-001  +5.000000000000011e-002  +4.500000000000000e-001
    995  +9.500000000000000e-001  +5.000000000000011e-002  +5.500000000000000e-001
    996  +9.500000000000000e-001  +5.000000000000011e-002  +6.499999999999999e-001
    997  +9.500000000000000e-001  +5.000000000000011e-002  +7.500000000000000e-001
    998  +9.500000000000000e-001  +5.000000000000011e-002  +8.500000000000001e-001
    999  +9.500000000000000e-001  +5.000000000000011e-002  +9.500000000000000e-001
